Test # 1
+-----------------------+----------+----------+----------+----------+----------+----------+----------+----------+
|                       |  n = 1,000          |  n = 10,000         |  n = 100,000        |  n = 1,000,000      |
+-----------------------+----------+----------+----------+----------+----------+----------+----------+----------+
| Space                 |    Count |        % |    Count |        % |    Count |        % |    Count |        % |
+-----------------------+----------+----------+----------+----------+----------+----------+----------+----------+
| Go                    |       35 |   2.9437 |      350 |   2.8861 |     3494 |   2.8866 |    34462 |   2.8504 |
| Mediterranean Avenue  |       23 |   1.9344 |      246 |   2.0285 |     2362 |   1.9514 |    23883 |   1.9754 |
| Community Chest       |       32 |   2.6913 |      240 |   1.9791 |     2434 |   2.0109 |    24158 |   1.9981 |
| Baltic Avenue         |       21 |   1.7662 |      242 |   1.9955 |     2478 |   2.0473 |    24175 |   1.9995 |
| Income Tax            |       25 |   2.1026 |      273 |   2.2512 |     2588 |   2.1381 |    25979 |   2.1487 |
| Reading Railroad      |       27 |   2.2708 |      331 |   2.7294 |     3334 |   2.7545 |    33250 |   2.7501 |
| Oriental Avenue       |       28 |   2.3549 |      248 |   2.0450 |     2595 |   2.1439 |    25311 |   2.0935 |
| Chance                |       24 |   2.0185 |      240 |   1.9791 |     2523 |   2.0844 |    25614 |   2.1185 |
| Vermont Avenue        |       25 |   2.1026 |      280 |   2.3089 |     2586 |   2.1365 |    25675 |   2.1236 |
| Connecticut Avenue    |       24 |   2.0185 |      275 |   2.2677 |     2595 |   2.1439 |    25584 |   2.1161 |
| Jail / Just Visiting  |       60 |   5.0463 |      670 |   5.5249 |     6890 |   5.6923 |    69405 |   5.7405 |
| St. Charles Place     |       28 |   2.3549 |      331 |   2.7294 |     3006 |   2.4835 |    30473 |   2.5204 |
| Electric Company      |       32 |   2.6913 |      286 |   2.3584 |     3111 |   2.5702 |    30516 |   2.5240 |
| States Avenue         |       38 |   3.1960 |      269 |   2.2182 |     2538 |   2.0968 |    25864 |   2.1392 |
| Virginia Avenue       |       22 |   1.8503 |      296 |   2.4408 |     2883 |   2.3819 |    28563 |   2.3624 |
| Pennsylvania Railroad |       39 |   3.2801 |      319 |   2.6305 |     3130 |   2.5859 |    31498 |   2.6052 |
| St. James Place       |       38 |   3.1960 |      295 |   2.4326 |     3251 |   2.6859 |    31743 |   2.6255 |
| Community Chest       |       26 |   2.1867 |      336 |   2.7707 |     3170 |   2.6190 |    31190 |   2.5797 |
| Tennessee Avenue      |       32 |   2.6913 |      328 |   2.7047 |     3250 |   2.6851 |    33211 |   2.7469 |
| New York Avenue       |       30 |   2.5231 |      349 |   2.8779 |     3324 |   2.7462 |    33696 |   2.7870 |
| Free Parking          |       26 |   2.1867 |      331 |   2.7294 |     3320 |   2.7429 |    32876 |   2.7192 |
| Kentucky Avenue       |       29 |   2.4390 |      311 |   2.5645 |     3125 |   2.5818 |    31124 |   2.5743 |
| Chance                |       34 |   2.8595 |      343 |   2.8284 |     3315 |   2.7388 |    32663 |   2.7016 |
| Indiana Avenue        |       31 |   2.6072 |      296 |   2.4408 |     3018 |   2.4934 |    30570 |   2.5284 |
| Illinois Avenue       |       35 |   2.9437 |      314 |   2.5893 |     3565 |   2.9453 |    35517 |   2.9376 |
| B. & O. Railroad      |       34 |   2.8595 |      342 |   2.8202 |     3396 |   2.8057 |    34196 |   2.8284 |
| Atlantic Avenue       |       22 |   1.8503 |      304 |   2.5068 |     3016 |   2.4917 |    30014 |   2.4825 |
| Ventnor Avenue        |       28 |   2.3549 |      316 |   2.6058 |     2973 |   2.4562 |    29975 |   2.4792 |
| Water Works           |       38 |   3.1960 |      329 |   2.7130 |     3224 |   2.6636 |    31574 |   2.6115 |
| Marvin Gardens        |       24 |   2.0185 |      273 |   2.2512 |     2809 |   2.3207 |    28781 |   2.3805 |
| Go To Jail            |       22 |   1.8503 |      272 |   2.2429 |     2841 |   2.3472 |    29323 |   2.4253 |
| Pacific Avenue        |       36 |   3.0278 |      300 |   2.4738 |     2986 |   2.4670 |    29908 |   2.4737 |
| North Carolina Avenue |       27 |   2.2708 |      309 |   2.5480 |     3011 |   2.4876 |    29390 |   2.4309 |
| Community Chest       |       28 |   2.3549 |      278 |   2.2924 |     2924 |   2.4157 |    30121 |   2.4913 |
| Pennsylvania Avenue   |       35 |   2.9437 |      275 |   2.2677 |     2830 |   2.3381 |    27770 |   2.2969 |
| Short Line            |       29 |   2.4390 |      296 |   2.4408 |     2803 |   2.3158 |    27137 |   2.2445 |
| Chance                |       24 |   2.0185 |      249 |   2.0533 |     2578 |   2.1299 |    25680 |   2.1240 |
| Park Place            |       17 |   1.4298 |      236 |   1.9461 |     2329 |   1.9242 |    24183 |   2.0002 |
| Luxury Tax            |       28 |   2.3549 |      255 |   2.1027 |     2472 |   2.0423 |    24548 |   2.0304 |
| Boardwalk             |       33 |   2.7754 |      294 |   2.4243 |     2963 |   2.4480 |    29442 |   2.4352 |
+-----------------------+----------+----------+----------+----------+----------+----------+----------+----------+

Test # 2
+-----------------------+----------+----------+----------+----------+----------+----------+----------+----------+
|                       |  n = 1,000          |  n = 10,000         |  n = 100,000        |  n = 1,000,000      |
+-----------------------+----------+----------+----------+----------+----------+----------+----------+----------+
| Space                 |    Count |        % |    Count |        % |    Count |        % |    Count |        % |
+-----------------------+----------+----------+----------+----------+----------+----------+----------+----------+
| Go                    |       28 |   2.2783 |      365 |   3.0128 |     3473 |   2.8721 |    34364 |   2.8435 |
| Mediterranean Avenue  |       21 |   1.7087 |      221 |   1.8242 |     2285 |   1.8896 |    23878 |   1.9758 |
| Community Chest       |       27 |   2.1969 |      243 |   2.0058 |     2345 |   1.9393 |    23716 |   1.9624 |
| Baltic Avenue         |       13 |   1.0578 |      192 |   1.5848 |     2394 |   1.9798 |    24028 |   1.9883 |
| Income Tax            |       29 |   2.3596 |      273 |   2.2534 |     2614 |   2.1617 |    26106 |   2.1602 |
| Reading Railroad      |       44 |   3.5801 |      364 |   3.0045 |     3402 |   2.8134 |    33417 |   2.7652 |
| Oriental Avenue       |       23 |   1.8714 |      251 |   2.0718 |     2576 |   2.1303 |    25273 |   2.0913 |
| Chance                |       26 |   2.1155 |      259 |   2.1378 |     2590 |   2.1419 |    25598 |   2.1182 |
| Vermont Avenue        |       20 |   1.6273 |      269 |   2.2204 |     2493 |   2.0617 |    25639 |   2.1216 |
| Connecticut Avenue    |       31 |   2.5224 |      250 |   2.0636 |     2480 |   2.0509 |    25413 |   2.1029 |
| Jail / Just Visiting  |       73 |   5.9398 |      680 |   5.6129 |     6905 |   5.7103 |    69429 |   5.7451 |
| St. Charles Place     |       34 |   2.7665 |      325 |   2.6826 |     3091 |   2.5562 |    30345 |   2.5110 |
| Electric Company      |       28 |   2.2783 |      293 |   2.4185 |     3064 |   2.5339 |    30350 |   2.5114 |
| States Avenue         |       32 |   2.6037 |      292 |   2.4102 |     2690 |   2.2246 |    26080 |   2.1581 |
| Virginia Avenue       |       23 |   1.8714 |      295 |   2.4350 |     2792 |   2.3089 |    28631 |   2.3691 |
| Pennsylvania Railroad |       35 |   2.8478 |      293 |   2.4185 |     3050 |   2.5223 |    31371 |   2.5959 |
| St. James Place       |       22 |   1.7901 |      320 |   2.6414 |     3079 |   2.5463 |    31373 |   2.5960 |
| Community Chest       |       29 |   2.3596 |      331 |   2.7322 |     3245 |   2.6835 |    31502 |   2.6067 |
| Tennessee Avenue      |       34 |   2.7665 |      328 |   2.7074 |     3355 |   2.7745 |    33064 |   2.7360 |
| New York Avenue       |       37 |   3.0106 |      328 |   2.7074 |     3220 |   2.6629 |    33607 |   2.7809 |
| Free Parking          |       41 |   3.3360 |      328 |   2.7074 |     3357 |   2.7762 |    33145 |   2.7427 |
| Kentucky Avenue       |       34 |   2.7665 |      302 |   2.4928 |     3205 |   2.6505 |    31158 |   2.5782 |
| Chance                |       34 |   2.7665 |      322 |   2.6579 |     3180 |   2.6298 |    32885 |   2.7211 |
| Indiana Avenue        |       31 |   2.5224 |      303 |   2.5010 |     3027 |   2.5033 |    30300 |   2.5072 |
| Illinois Avenue       |       39 |   3.1733 |      349 |   2.8807 |     3492 |   2.8878 |    35489 |   2.9366 |
| B. & O. Railroad      |       31 |   2.5224 |      338 |   2.7899 |     3458 |   2.8597 |    34401 |   2.8466 |
| Atlantic Avenue       |       21 |   1.7087 |      314 |   2.5918 |     3049 |   2.5215 |    29849 |   2.4699 |
| Ventnor Avenue        |       34 |   2.7665 |      296 |   2.4433 |     2902 |   2.3999 |    30202 |   2.4991 |
| Water Works           |       32 |   2.6037 |      299 |   2.4680 |     3230 |   2.6711 |    31447 |   2.6022 |
| Marvin Gardens        |       31 |   2.5224 |      292 |   2.4102 |     2942 |   2.4330 |    28542 |   2.3618 |
| Go To Jail            |       32 |   2.6037 |      280 |   2.3112 |     2851 |   2.3577 |    29503 |   2.4413 |
| Pacific Avenue        |       27 |   2.1969 |      300 |   2.4763 |     3049 |   2.5215 |    29852 |   2.4702 |
| North Carolina Avenue |       30 |   2.4410 |      280 |   2.3112 |     2901 |   2.3991 |    29304 |   2.4248 |
| Community Chest       |       23 |   1.8714 |      300 |   2.4763 |     3000 |   2.4809 |    30015 |   2.4837 |
| Pennsylvania Avenue   |       27 |   2.1969 |      284 |   2.3442 |     2817 |   2.3296 |    27843 |   2.3039 |
| Short Line            |       26 |   2.1155 |      278 |   2.2947 |     2748 |   2.2725 |    26950 |   2.2300 |
| Chance                |       39 |   3.1733 |      288 |   2.3772 |     2684 |   2.2196 |    26113 |   2.1608 |
| Park Place            |       24 |   1.9528 |      227 |   1.8737 |     2437 |   2.0153 |    24465 |   2.0244 |
| Luxury Tax            |       29 |   2.3596 |      239 |   1.9728 |     2433 |   2.0120 |    24288 |   2.0098 |
| Boardwalk             |       35 |   2.8478 |      324 |   2.6744 |     3017 |   2.4950 |    29562 |   2.4462 |
+-----------------------+----------+----------+----------+----------+----------+----------+----------+----------+

Test # 3
+-----------------------+----------+----------+----------+----------+----------+----------+----------+----------+
|                       |  n = 1,000          |  n = 10,000         |  n = 100,000        |  n = 1,000,000      |
+-----------------------+----------+----------+----------+----------+----------+----------+----------+----------+
| Space                 |    Count |        % |    Count |        % |    Count |        % |    Count |        % |
+-----------------------+----------+----------+----------+----------+----------+----------+----------+----------+
| Go                    |       45 |   3.7657 |      370 |   3.0465 |     3464 |   2.8646 |    34379 |   2.8434 |
| Mediterranean Avenue  |       26 |   2.1757 |      256 |   2.1079 |     2361 |   1.9525 |    23470 |   1.9411 |
| Community Chest       |       22 |   1.8410 |      241 |   1.9844 |     2417 |   1.9988 |    24108 |   1.9939 |
| Baltic Avenue         |       20 |   1.6736 |      253 |   2.0832 |     2437 |   2.0153 |    24347 |   2.0137 |
| Income Tax            |       27 |   2.2594 |      253 |   2.0832 |     2549 |   2.1079 |    26098 |   2.1585 |
| Reading Railroad      |       21 |   1.7573 |      329 |   2.7089 |     3342 |   2.7637 |    33238 |   2.7490 |
| Oriental Avenue       |       31 |   2.5941 |      261 |   2.1490 |     2520 |   2.0840 |    25098 |   2.0758 |
| Chance                |       28 |   2.3431 |      260 |   2.1408 |     2576 |   2.1303 |    26105 |   2.1591 |
| Vermont Avenue        |       26 |   2.1757 |      252 |   2.0749 |     2530 |   2.0922 |    25659 |   2.1222 |
| Connecticut Avenue    |       26 |   2.1757 |      246 |   2.0255 |     2538 |   2.0988 |    25595 |   2.1169 |
| Jail / Just Visiting  |       72 |   6.0251 |      652 |   5.3685 |     6877 |   5.6870 |    69242 |   5.7268 |
| St. Charles Place     |       25 |   2.0921 |      323 |   2.6595 |     3114 |   2.5752 |    30427 |   2.5165 |
| Electric Company      |       27 |   2.2594 |      313 |   2.5772 |     3050 |   2.5222 |    30566 |   2.5280 |
| States Avenue         |       22 |   1.8410 |      239 |   1.9679 |     2605 |   2.1542 |    25934 |   2.1449 |
| Virginia Avenue       |       40 |   3.3473 |      289 |   2.3796 |     2711 |   2.2419 |    28133 |   2.3268 |
| Pennsylvania Railroad |       36 |   3.0126 |      357 |   2.9395 |     3351 |   2.7712 |    32019 |   2.6482 |
| St. James Place       |       25 |   2.0921 |      307 |   2.5278 |     3091 |   2.5562 |    31649 |   2.6176 |
| Community Chest       |       40 |   3.3473 |      342 |   2.8160 |     3128 |   2.5867 |    31254 |   2.5849 |
| Tennessee Avenue      |       23 |   1.9247 |      329 |   2.7089 |     3389 |   2.8026 |    33490 |   2.7699 |
| New York Avenue       |       33 |   2.7615 |      350 |   2.8818 |     3355 |   2.7745 |    33260 |   2.7508 |
| Free Parking          |       40 |   3.3473 |      328 |   2.7007 |     3277 |   2.7100 |    33151 |   2.7418 |
| Kentucky Avenue       |       28 |   2.3431 |      320 |   2.6348 |     3226 |   2.6678 |    31217 |   2.5819 |
| Chance                |       30 |   2.5105 |      335 |   2.7583 |     3242 |   2.6810 |    32378 |   2.6779 |
| Indiana Avenue        |       25 |   2.0921 |      290 |   2.3878 |     3058 |   2.5289 |    30304 |   2.5064 |
| Illinois Avenue       |       32 |   2.6778 |      338 |   2.7830 |     3464 |   2.8646 |    35600 |   2.9444 |
| B. & O. Railroad      |       31 |   2.5941 |      346 |   2.8489 |     3361 |   2.7794 |    34215 |   2.8298 |
| Atlantic Avenue       |       29 |   2.4268 |      327 |   2.6925 |     3064 |   2.5338 |    30134 |   2.4923 |
| Ventnor Avenue        |       29 |   2.4268 |      294 |   2.4207 |     3000 |   2.4809 |    29679 |   2.4547 |
| Water Works           |       42 |   3.5146 |      347 |   2.8571 |     3148 |   2.6033 |    31627 |   2.6158 |
| Marvin Gardens        |       29 |   2.4268 |      292 |   2.4043 |     2891 |   2.3908 |    28986 |   2.3973 |
| Go To Jail            |       25 |   2.0921 |      277 |   2.2808 |     2888 |   2.3883 |    29135 |   2.4097 |
| Pacific Avenue        |       27 |   2.2594 |      270 |   2.2231 |     3006 |   2.4859 |    29736 |   2.4594 |
| North Carolina Avenue |       30 |   2.5105 |      284 |   2.3384 |     2910 |   2.4065 |    29333 |   2.4260 |
| Community Chest       |       30 |   2.5105 |      292 |   2.4043 |     2974 |   2.4594 |    30129 |   2.4919 |
| Pennsylvania Avenue   |       37 |   3.0962 |      309 |   2.5443 |     2858 |   2.3635 |    28019 |   2.3174 |
| Short Line            |       18 |   1.5063 |      261 |   2.1490 |     2686 |   2.2212 |    27044 |   2.2367 |
| Chance                |       25 |   2.0921 |      258 |   2.1243 |     2638 |   2.1815 |    25922 |   2.1439 |
| Park Place            |       21 |   1.7573 |      232 |   1.9103 |     2400 |   1.9847 |    24446 |   2.0219 |
| Luxury Tax            |       26 |   2.1757 |      235 |   1.9350 |     2452 |   2.0277 |    24353 |   2.0142 |
| Boardwalk             |       26 |   2.1757 |      288 |   2.3713 |     2976 |   2.4610 |    29607 |   2.4487 |
+-----------------------+----------+----------+----------+----------+----------+----------+----------+----------+

Test # 4
+-----------------------+----------+----------+----------+----------+----------+----------+----------+----------+
|                       |  n = 1,000          |  n = 10,000         |  n = 100,000        |  n = 1,000,000      |
+-----------------------+----------+----------+----------+----------+----------+----------+----------+----------+
| Space                 |    Count |        % |    Count |        % |    Count |        % |    Count |        % |
+-----------------------+----------+----------+----------+----------+----------+----------+----------+----------+
| Go                    |       29 |   2.4535 |      329 |   2.7330 |     3457 |   2.8634 |    34547 |   2.8559 |
| Mediterranean Avenue  |       20 |   1.6920 |      230 |   1.9106 |     2351 |   1.9473 |    24092 |   1.9916 |
| Community Chest       |       25 |   2.1151 |      252 |   2.0934 |     2399 |   1.9871 |    23966 |   1.9812 |
| Baltic Avenue         |       25 |   2.1151 |      220 |   1.8275 |     2414 |   1.9995 |    24261 |   2.0056 |
| Income Tax            |       24 |   2.0305 |      272 |   2.2595 |     2596 |   2.1502 |    25984 |   2.1480 |
| Reading Railroad      |       40 |   3.3841 |      332 |   2.7579 |     3315 |   2.7458 |    33314 |   2.7540 |
| Oriental Avenue       |       22 |   1.8613 |      247 |   2.0518 |     2450 |   2.0293 |    25223 |   2.0851 |
| Chance                |       28 |   2.3689 |      252 |   2.0934 |     2529 |   2.0947 |    25865 |   2.1382 |
| Vermont Avenue        |       29 |   2.4535 |      259 |   2.1515 |     2508 |   2.0773 |    25953 |   2.1455 |
| Connecticut Avenue    |       20 |   1.6920 |      252 |   2.0934 |     2626 |   2.1751 |    25810 |   2.1336 |
| Jail / Just Visiting  |       59 |   4.9915 |      687 |   5.7069 |     7018 |   5.8129 |    69290 |   5.7280 |
| St. Charles Place     |       33 |   2.7919 |      316 |   2.6250 |     3068 |   2.5412 |    30360 |   2.5098 |
| Electric Company      |       29 |   2.4535 |      302 |   2.5087 |     3082 |   2.5528 |    30240 |   2.4999 |
| States Avenue         |       23 |   1.9459 |      251 |   2.0851 |     2585 |   2.1411 |    25898 |   2.1409 |
| Virginia Avenue       |       33 |   2.7919 |      278 |   2.3094 |     2826 |   2.3407 |    28609 |   2.3650 |
| Pennsylvania Railroad |       37 |   3.1303 |      326 |   2.7081 |     3093 |   2.5619 |    31410 |   2.5966 |
| St. James Place       |       34 |   2.8765 |      332 |   2.7579 |     3112 |   2.5776 |    31567 |   2.6096 |
| Community Chest       |       29 |   2.4535 |      314 |   2.6084 |     3155 |   2.6132 |    31539 |   2.6072 |
| Tennessee Avenue      |       38 |   3.2149 |      340 |   2.8244 |     3365 |   2.7872 |    33570 |   2.7751 |
| New York Avenue       |       33 |   2.7919 |      321 |   2.6666 |     3381 |   2.8004 |    33341 |   2.7562 |
| Free Parking          |       30 |   2.5381 |      332 |   2.7579 |     3323 |   2.7524 |    33095 |   2.7359 |
| Kentucky Avenue       |       14 |   1.1844 |      292 |   2.4257 |     3066 |   2.5395 |    30836 |   2.5491 |
| Chance                |       35 |   2.9611 |      329 |   2.7330 |     3288 |   2.7234 |    32657 |   2.6997 |
| Indiana Avenue        |       25 |   2.1151 |      297 |   2.4672 |     3090 |   2.5594 |    30694 |   2.5374 |
| Illinois Avenue       |       42 |   3.5533 |      364 |   3.0238 |     3591 |   2.9744 |    35612 |   2.9439 |
| B. & O. Railroad      |       40 |   3.3841 |      330 |   2.7413 |     3413 |   2.8269 |    34428 |   2.8461 |
| Atlantic Avenue       |       30 |   2.5381 |      302 |   2.5087 |     2920 |   2.4186 |    30168 |   2.4939 |
| Ventnor Avenue        |       30 |   2.5381 |      326 |   2.7081 |     3005 |   2.4890 |    29666 |   2.4524 |
| Water Works           |       23 |   1.9459 |      296 |   2.4589 |     3085 |   2.5553 |    31323 |   2.5894 |
| Marvin Gardens        |       30 |   2.5381 |      287 |   2.3841 |     2871 |   2.3780 |    28884 |   2.3878 |
| Go To Jail            |       24 |   2.0305 |      285 |   2.3675 |     2952 |   2.4451 |    29279 |   2.4204 |
| Pacific Avenue        |       32 |   2.7073 |      302 |   2.5087 |     2947 |   2.4410 |    29899 |   2.4717 |
| North Carolina Avenue |       26 |   2.1997 |      266 |   2.2097 |     2882 |   2.3871 |    29211 |   2.4148 |
| Community Chest       |       31 |   2.6227 |      300 |   2.4921 |     3043 |   2.5205 |    30291 |   2.5041 |
| Pennsylvania Avenue   |       32 |   2.7073 |      283 |   2.3509 |     2748 |   2.2761 |    27691 |   2.2891 |
| Short Line            |       23 |   1.9459 |      281 |   2.3343 |     2757 |   2.2836 |    27413 |   2.2662 |
| Chance                |       28 |   2.3689 |      254 |   2.1100 |     2619 |   2.1693 |    25760 |   2.1295 |
| Park Place            |       26 |   2.1997 |      254 |   2.1100 |     2420 |   2.0045 |    24262 |   2.0057 |
| Luxury Tax            |       19 |   1.6074 |      240 |   1.9937 |     2395 |   1.9837 |    24315 |   2.0101 |
| Boardwalk             |       32 |   2.7073 |      306 |   2.5420 |     2986 |   2.4733 |    29346 |   2.4260 |
+-----------------------+----------+----------+----------+----------+----------+----------+----------+----------+

Test # 5
+-----------------------+----------+----------+----------+----------+----------+----------+----------+----------+
|                       |  n = 1,000          |  n = 10,000         |  n = 100,000        |  n = 1,000,000      |
+-----------------------+----------+----------+----------+----------+----------+----------+----------+----------+
| Space                 |    Count |        % |    Count |        % |    Count |        % |    Count |        % |
+-----------------------+----------+----------+----------+----------+----------+----------+----------+----------+
| Go                    |       36 |   3.0278 |      362 |   3.0114 |     3401 |   2.8147 |    34582 |   2.8620 |
| Mediterranean Avenue  |       21 |   1.7662 |      230 |   1.9133 |     2454 |   2.0310 |    24069 |   1.9919 |
| Community Chest       |       22 |   1.8503 |      254 |   2.1130 |     2413 |   1.9970 |    24072 |   1.9922 |
| Baltic Avenue         |       21 |   1.7662 |      220 |   1.8301 |     2387 |   1.9755 |    24133 |   1.9972 |
| Income Tax            |       27 |   2.2708 |      290 |   2.4124 |     2648 |   2.1915 |    26010 |   2.1526 |
| Reading Railroad      |       39 |   3.2801 |      312 |   2.5955 |     3236 |   2.6781 |    33004 |   2.7314 |
| Oriental Avenue       |       15 |   1.2616 |      262 |   2.1795 |     2599 |   2.1510 |    25213 |   2.0866 |
| Chance                |       33 |   2.7754 |      263 |   2.1878 |     2455 |   2.0318 |    25377 |   2.1002 |
| Vermont Avenue        |       32 |   2.6913 |      286 |   2.3792 |     2629 |   2.1758 |    25992 |   2.1511 |
| Connecticut Avenue    |       15 |   1.2616 |      241 |   2.0048 |     2508 |   2.0756 |    25591 |   2.1179 |
| Jail / Just Visiting  |       70 |   5.8873 |      669 |   5.5653 |     6944 |   5.7469 |    69413 |   5.7445 |
| St. Charles Place     |       33 |   2.7754 |      304 |   2.5289 |     3077 |   2.5466 |    30388 |   2.5149 |
| Electric Company      |       32 |   2.6913 |      291 |   2.4208 |     3068 |   2.5391 |    30458 |   2.5207 |
| States Avenue         |       33 |   2.7754 |      277 |   2.3043 |     2605 |   2.1559 |    25979 |   2.1500 |
| Virginia Avenue       |       28 |   2.3549 |      283 |   2.3542 |     2812 |   2.3272 |    28292 |   2.3414 |
| Pennsylvania Railroad |       40 |   3.3642 |      320 |   2.6620 |     3176 |   2.6285 |    31485 |   2.6057 |
| St. James Place       |       27 |   2.2708 |      292 |   2.4291 |     3158 |   2.6136 |    31667 |   2.6207 |
| Community Chest       |       27 |   2.2708 |      308 |   2.5622 |     3121 |   2.5830 |    31032 |   2.5682 |
| Tennessee Avenue      |       34 |   2.8595 |      331 |   2.7535 |     3388 |   2.8039 |    33377 |   2.7622 |
| New York Avenue       |       36 |   3.0278 |      319 |   2.6537 |     3381 |   2.7981 |    33694 |   2.7885 |
| Free Parking          |       41 |   3.4483 |      381 |   3.1695 |     3299 |   2.7303 |    33493 |   2.7718 |
| Kentucky Avenue       |       26 |   2.1867 |      297 |   2.4707 |     3113 |   2.5763 |    30789 |   2.5481 |
| Chance                |       31 |   2.6072 |      306 |   2.5455 |     3204 |   2.6517 |    32479 |   2.6879 |
| Indiana Avenue        |       35 |   2.9437 |      289 |   2.4041 |     2987 |   2.4721 |    30184 |   2.4980 |
| Illinois Avenue       |       27 |   2.2708 |      362 |   3.0114 |     3552 |   2.9397 |    35201 |   2.9132 |
| B. & O. Railroad      |       34 |   2.8595 |      330 |   2.7452 |     3392 |   2.8072 |    34311 |   2.8395 |
| Atlantic Avenue       |       35 |   2.9437 |      290 |   2.4124 |     3036 |   2.5126 |    30165 |   2.4964 |
| Ventnor Avenue        |       25 |   2.1026 |      328 |   2.7286 |     3035 |   2.5118 |    30162 |   2.4962 |
| Water Works           |       27 |   2.2708 |      329 |   2.7369 |     3225 |   2.6690 |    31401 |   2.5987 |
| Marvin Gardens        |       23 |   1.9344 |      267 |   2.2211 |     2854 |   2.3620 |    28827 |   2.3857 |
| Go To Jail            |       30 |   2.5231 |      269 |   2.2378 |     2894 |   2.3951 |    29432 |   2.4358 |
| Pacific Avenue        |       31 |   2.6072 |      291 |   2.4208 |     2867 |   2.3728 |    29705 |   2.4583 |
| North Carolina Avenue |       30 |   2.5231 |      328 |   2.7286 |     3012 |   2.4928 |    29536 |   2.4444 |
| Community Chest       |       21 |   1.7662 |      254 |   2.1130 |     2985 |   2.4704 |    30052 |   2.4871 |
| Pennsylvania Avenue   |       20 |   1.6821 |      289 |   2.4041 |     2756 |   2.2809 |    27902 |   2.3091 |
| Short Line            |       28 |   2.3549 |      280 |   2.3293 |     2750 |   2.2759 |    26935 |   2.2291 |
| Chance                |       32 |   2.6913 |      258 |   2.1462 |     2658 |   2.1998 |    25913 |   2.1445 |
| Park Place            |       20 |   1.6821 |      249 |   2.0714 |     2393 |   1.9805 |    24510 |   2.0284 |
| Luxury Tax            |       27 |   2.2708 |      247 |   2.0547 |     2481 |   2.0533 |    24414 |   2.0205 |
| Boardwalk             |       25 |   2.1026 |      263 |   2.1878 |     2877 |   2.3810 |    29095 |   2.4079 |
+-----------------------+----------+----------+----------+----------+----------+----------+----------+----------+

Test # 6
+-----------------------+----------+----------+----------+----------+----------+----------+----------+----------+
|                       |  n = 1,000          |  n = 10,000         |  n = 100,000        |  n = 1,000,000      |
+-----------------------+----------+----------+----------+----------+----------+----------+----------+----------+
| Space                 |    Count |        % |    Count |        % |    Count |        % |    Count |        % |
+-----------------------+----------+----------+----------+----------+----------+----------+----------+----------+
| Go                    |       42 |   3.5235 |      342 |   2.8474 |     3468 |   2.8800 |    34790 |   2.8780 |
| Mediterranean Avenue  |       22 |   1.8456 |      234 |   1.9482 |     2313 |   1.9208 |    23975 |   1.9833 |
| Community Chest       |       25 |   2.0973 |      245 |   2.0398 |     2486 |   2.0645 |    24198 |   2.0018 |
| Baltic Avenue         |       16 |   1.3423 |      234 |   1.9482 |     2371 |   1.9690 |    24110 |   1.9945 |
| Income Tax            |       28 |   2.3490 |      252 |   2.0981 |     2589 |   2.1500 |    25834 |   2.1371 |
| Reading Railroad      |       38 |   3.1879 |      359 |   2.9889 |     3295 |   2.7363 |    32969 |   2.7274 |
| Oriental Avenue       |       28 |   2.3490 |      261 |   2.1730 |     2524 |   2.0960 |    25269 |   2.0904 |
| Chance                |       33 |   2.7685 |      252 |   2.0981 |     2490 |   2.0678 |    25829 |   2.1367 |
| Vermont Avenue        |       28 |   2.3490 |      238 |   1.9815 |     2534 |   2.1043 |    25836 |   2.1373 |
| Connecticut Avenue    |       20 |   1.6779 |      254 |   2.1147 |     2561 |   2.1268 |    25590 |   2.1169 |
| Jail / Just Visiting  |       70 |   5.8725 |      706 |   5.8779 |     7108 |   5.9028 |    69596 |   5.7573 |
| St. Charles Place     |       25 |   2.0973 |      322 |   2.6809 |     2960 |   2.4581 |    30101 |   2.4901 |
| Electric Company      |       24 |   2.0134 |      289 |   2.4061 |     2991 |   2.4838 |    30785 |   2.5467 |
| States Avenue         |       26 |   2.1812 |      252 |   2.0981 |     2552 |   2.1193 |    25842 |   2.1378 |
| Virginia Avenue       |       33 |   2.7685 |      300 |   2.4977 |     2880 |   2.3917 |    28297 |   2.3409 |
| Pennsylvania Railroad |       33 |   2.7685 |      291 |   2.4228 |     3088 |   2.5644 |    31479 |   2.6041 |
| St. James Place       |       32 |   2.6846 |      311 |   2.5893 |     3136 |   2.6043 |    31506 |   2.6063 |
| Community Chest       |       35 |   2.9362 |      322 |   2.6809 |     3192 |   2.6508 |    31480 |   2.6042 |
| Tennessee Avenue      |       31 |   2.6007 |      352 |   2.9306 |     3339 |   2.7728 |    33434 |   2.7658 |
| New York Avenue       |       35 |   2.9362 |      309 |   2.5726 |     3296 |   2.7371 |    33583 |   2.7782 |
| Free Parking          |       27 |   2.2651 |      309 |   2.5726 |     3242 |   2.6923 |    32924 |   2.7236 |
| Kentucky Avenue       |       27 |   2.2651 |      313 |   2.6059 |     3137 |   2.6051 |    31117 |   2.5742 |
| Chance                |       39 |   3.2718 |      340 |   2.8307 |     3301 |   2.7413 |    32669 |   2.7026 |
| Indiana Avenue        |       20 |   1.6779 |      279 |   2.3229 |     2971 |   2.4672 |    30241 |   2.5017 |
| Illinois Avenue       |       42 |   3.5235 |      379 |   3.1554 |     3485 |   2.8941 |    35814 |   2.9627 |
| B. & O. Railroad      |       27 |   2.2651 |      344 |   2.8640 |     3420 |   2.8401 |    34143 |   2.8245 |
| Atlantic Avenue       |       36 |   3.0201 |      325 |   2.7059 |     2998 |   2.4897 |    29883 |   2.4721 |
| Ventnor Avenue        |       20 |   1.6779 |      244 |   2.0315 |     2925 |   2.4290 |    29825 |   2.4673 |
| Water Works           |       31 |   2.6007 |      314 |   2.6143 |     3301 |   2.7413 |    31478 |   2.6040 |
| Marvin Gardens        |       24 |   2.0134 |      274 |   2.2812 |     2832 |   2.3518 |    28706 |   2.3747 |
| Go To Jail            |       23 |   1.9295 |      295 |   2.4561 |     3020 |   2.5079 |    29297 |   2.4236 |
| Pacific Avenue        |       28 |   2.3490 |      312 |   2.5976 |     2916 |   2.4216 |    29948 |   2.4775 |
| North Carolina Avenue |       29 |   2.4329 |      306 |   2.5477 |     2963 |   2.4606 |    29366 |   2.4293 |
| Community Chest       |       37 |   3.1040 |      291 |   2.4228 |     3067 |   2.5470 |    30326 |   2.5087 |
| Pennsylvania Avenue   |       28 |   2.3490 |      260 |   2.1647 |     2758 |   2.2904 |    27993 |   2.3157 |
| Short Line            |       26 |   2.1812 |      255 |   2.1231 |     2688 |   2.2322 |    27189 |   2.2492 |
| Chance                |       24 |   2.0134 |      256 |   2.1314 |     2496 |   2.0728 |    25489 |   2.1086 |
| Park Place            |       26 |   2.1812 |      253 |   2.1064 |     2428 |   2.0163 |    24137 |   1.9967 |
| Luxury Tax            |       24 |   2.0134 |      256 |   2.1314 |     2415 |   2.0055 |    24273 |   2.0080 |
| Boardwalk             |       30 |   2.5168 |      281 |   2.3395 |     2882 |   2.3933 |    29500 |   2.4404 |
+-----------------------+----------+----------+----------+----------+----------+----------+----------+----------+

Test # 7
+-----------------------+----------+----------+----------+----------+----------+----------+----------+----------+
|                       |  n = 1,000          |  n = 10,000         |  n = 100,000        |  n = 1,000,000      |
+-----------------------+----------+----------+----------+----------+----------+----------+----------+----------+
| Space                 |    Count |        % |    Count |        % |    Count |        % |    Count |        % |
+-----------------------+----------+----------+----------+----------+----------+----------+----------+----------+
| Go                    |       38 |   3.1148 |      338 |   2.7934 |     3439 |   2.8449 |    34301 |   2.8372 |
| Mediterranean Avenue  |       22 |   1.8033 |      246 |   2.0331 |     2426 |   2.0069 |    23918 |   1.9784 |
| Community Chest       |       25 |   2.0492 |      220 |   1.8182 |     2402 |   1.9870 |    24292 |   2.0093 |
| Baltic Avenue         |       27 |   2.2131 |      267 |   2.2066 |     2356 |   1.9490 |    24266 |   2.0072 |
| Income Tax            |       25 |   2.0492 |      256 |   2.1157 |     2606 |   2.1558 |    25886 |   2.1412 |
| Reading Railroad      |       26 |   2.1311 |      347 |   2.8678 |     3313 |   2.7406 |    33108 |   2.7386 |
| Oriental Avenue       |       20 |   1.6393 |      234 |   1.9339 |     2488 |   2.0582 |    25256 |   2.0891 |
| Chance                |       32 |   2.6230 |      263 |   2.1736 |     2638 |   2.1822 |    25897 |   2.1421 |
| Vermont Avenue        |       35 |   2.8689 |      267 |   2.2066 |     2496 |   2.0648 |    25567 |   2.1148 |
| Connecticut Avenue    |       19 |   1.5574 |      240 |   1.9835 |     2566 |   2.1227 |    25448 |   2.1050 |
| Jail / Just Visiting  |       70 |   5.7377 |      693 |   5.7273 |     6973 |   5.7683 |    69602 |   5.7572 |
| St. Charles Place     |       32 |   2.6230 |      296 |   2.4463 |     3032 |   2.5082 |    30285 |   2.5051 |
| Electric Company      |       39 |   3.1967 |      343 |   2.8347 |     3096 |   2.5611 |    30526 |   2.5250 |
| States Avenue         |       25 |   2.0492 |      267 |   2.2066 |     2651 |   2.1930 |    26088 |   2.1579 |
| Virginia Avenue       |       28 |   2.2951 |      269 |   2.2231 |     2811 |   2.3254 |    28628 |   2.3680 |
| Pennsylvania Railroad |       31 |   2.5410 |      326 |   2.6942 |     3139 |   2.5967 |    31474 |   2.6034 |
| St. James Place       |       38 |   3.1148 |      305 |   2.5207 |     3119 |   2.5801 |    31701 |   2.6222 |
| Community Chest       |       29 |   2.3770 |      297 |   2.4545 |     3168 |   2.6207 |    31191 |   2.5800 |
| Tennessee Avenue      |       28 |   2.2951 |      328 |   2.7107 |     3331 |   2.7555 |    33463 |   2.7679 |
| New York Avenue       |       29 |   2.3770 |      346 |   2.8595 |     3351 |   2.7721 |    33768 |   2.7932 |
| Free Parking          |       40 |   3.2787 |      321 |   2.6529 |     3292 |   2.7232 |    33020 |   2.7313 |
| Kentucky Avenue       |       36 |   2.9508 |      344 |   2.8430 |     3123 |   2.5834 |    30943 |   2.5595 |
| Chance                |       28 |   2.2951 |      347 |   2.8678 |     3261 |   2.6976 |    32495 |   2.6879 |
| Indiana Avenue        |       33 |   2.7049 |      272 |   2.2479 |     2976 |   2.4618 |    30257 |   2.5027 |
| Illinois Avenue       |       44 |   3.6066 |      386 |   3.1901 |     3639 |   3.0103 |    35601 |   2.9448 |
| B. & O. Railroad      |       32 |   2.6230 |      341 |   2.8182 |     3389 |   2.8035 |    34379 |   2.8437 |
| Atlantic Avenue       |       26 |   2.1311 |      275 |   2.2727 |     2965 |   2.4527 |    30026 |   2.4836 |
| Ventnor Avenue        |       24 |   1.9672 |      297 |   2.4545 |     3055 |   2.5272 |    29834 |   2.4678 |
| Water Works           |       29 |   2.3770 |      333 |   2.7521 |     3171 |   2.6232 |    31621 |   2.6156 |
| Marvin Gardens        |       34 |   2.7869 |      292 |   2.4132 |     2868 |   2.3725 |    28559 |   2.3623 |
| Go To Jail            |       31 |   2.5410 |      289 |   2.3884 |     2869 |   2.3733 |    29445 |   2.4356 |
| Pacific Avenue        |       30 |   2.4590 |      283 |   2.3388 |     3054 |   2.5264 |    30007 |   2.4821 |
| North Carolina Avenue |       30 |   2.4590 |      300 |   2.4793 |     2877 |   2.3799 |    29307 |   2.4242 |
| Community Chest       |       30 |   2.4590 |      307 |   2.5372 |     3018 |   2.4966 |    30103 |   2.4900 |
| Pennsylvania Avenue   |       25 |   2.0492 |      301 |   2.4876 |     2793 |   2.3105 |    28024 |   2.3180 |
| Short Line            |       29 |   2.3770 |      266 |   2.1983 |     2689 |   2.2244 |    27036 |   2.2363 |
| Chance                |       29 |   2.3770 |      251 |   2.0744 |     2620 |   2.1673 |    25618 |   2.1190 |
| Park Place            |       25 |   2.0492 |      247 |   2.0413 |     2492 |   2.0615 |    24558 |   2.0313 |
| Luxury Tax            |       23 |   1.8852 |      238 |   1.9669 |     2399 |   1.9845 |    24143 |   1.9970 |
| Boardwalk             |       24 |   1.9672 |      262 |   2.1653 |     2934 |   2.4271 |    29312 |   2.4246 |
+-----------------------+----------+----------+----------+----------+----------+----------+----------+----------+

Test # 8
+-----------------------+----------+----------+----------+----------+----------+----------+----------+----------+
|                       |  n = 1,000          |  n = 10,000         |  n = 100,000        |  n = 1,000,000      |
+-----------------------+----------+----------+----------+----------+----------+----------+----------+----------+
| Space                 |    Count |        % |    Count |        % |    Count |        % |    Count |        % |
+-----------------------+----------+----------+----------+----------+----------+----------+----------+----------+
| Go                    |       36 |   3.0025 |      327 |   2.6998 |     3478 |   2.8799 |    34599 |   2.8616 |
| Mediterranean Avenue  |       22 |   1.8349 |      208 |   1.7173 |     2382 |   1.9724 |    23912 |   1.9777 |
| Community Chest       |       36 |   3.0025 |      266 |   2.1962 |     2352 |   1.9476 |    24106 |   1.9938 |
| Baltic Avenue         |       24 |   2.0017 |      248 |   2.0476 |     2402 |   1.9890 |    24151 |   1.9975 |
| Income Tax            |       20 |   1.6681 |      274 |   2.2622 |     2537 |   2.1008 |    25979 |   2.1487 |
| Reading Railroad      |       40 |   3.3361 |      350 |   2.8897 |     3376 |   2.7955 |    33139 |   2.7409 |
| Oriental Avenue       |       18 |   1.5013 |      246 |   2.0310 |     2537 |   2.1008 |    25319 |   2.0941 |
| Chance                |       26 |   2.1685 |      234 |   1.9320 |     2543 |   2.1057 |    25648 |   2.1213 |
| Vermont Avenue        |       25 |   2.0851 |      286 |   2.3613 |     2555 |   2.1157 |    25915 |   2.1434 |
| Connecticut Avenue    |       29 |   2.4187 |      252 |   2.0806 |     2546 |   2.1082 |    25807 |   2.1345 |
| Jail / Just Visiting  |       62 |   5.1710 |      664 |   5.4822 |     7004 |   5.7996 |    69329 |   5.7341 |
| St. Charles Place     |       32 |   2.6689 |      311 |   2.5677 |     3001 |   2.4850 |    30332 |   2.5087 |
| Electric Company      |       30 |   2.5021 |      322 |   2.6585 |     3086 |   2.5554 |    30678 |   2.5373 |
| States Avenue         |       27 |   2.2519 |      268 |   2.2127 |     2577 |   2.1339 |    25865 |   2.1393 |
| Virginia Avenue       |       28 |   2.3353 |      280 |   2.3118 |     2801 |   2.3194 |    28472 |   2.3549 |
| Pennsylvania Railroad |       31 |   2.5855 |      298 |   2.4604 |     3234 |   2.6779 |    31342 |   2.5922 |
| St. James Place       |       35 |   2.9191 |      318 |   2.6255 |     3157 |   2.6141 |    31593 |   2.6130 |
| Community Chest       |       35 |   2.9191 |      302 |   2.4934 |     3127 |   2.5893 |    31627 |   2.6158 |
| Tennessee Avenue      |       31 |   2.5855 |      327 |   2.6998 |     3198 |   2.6481 |    33086 |   2.7365 |
| New York Avenue       |       32 |   2.6689 |      344 |   2.8402 |     3365 |   2.7864 |    33667 |   2.7845 |
| Free Parking          |       39 |   3.2527 |      353 |   2.9145 |     3372 |   2.7922 |    33402 |   2.7626 |
| Kentucky Avenue       |       24 |   2.0017 |      280 |   2.3118 |     3058 |   2.5322 |    31180 |   2.5788 |
| Chance                |       29 |   2.4187 |      339 |   2.7989 |     3245 |   2.6870 |    32548 |   2.6920 |
| Indiana Avenue        |       26 |   2.1685 |      292 |   2.4108 |     3058 |   2.5322 |    30364 |   2.5114 |
| Illinois Avenue       |       33 |   2.7523 |      349 |   2.8814 |     3626 |   3.0025 |    35488 |   2.9352 |
| B. & O. Railroad      |       32 |   2.6689 |      362 |   2.9888 |     3410 |   2.8236 |    34118 |   2.8218 |
| Atlantic Avenue       |       32 |   2.6689 |      295 |   2.4356 |     2948 |   2.4411 |    29902 |   2.4731 |
| Ventnor Avenue        |       31 |   2.5855 |      322 |   2.6585 |     3012 |   2.4941 |    29930 |   2.4755 |
| Water Works           |       33 |   2.7523 |      278 |   2.2952 |     3074 |   2.5454 |    31142 |   2.5757 |
| Marvin Gardens        |       30 |   2.5021 |      279 |   2.3035 |     2938 |   2.4328 |    29075 |   2.4047 |
| Go To Jail            |       21 |   1.7515 |      253 |   2.0888 |     2967 |   2.4568 |    29114 |   2.4080 |
| Pacific Avenue        |       26 |   2.1685 |      305 |   2.5182 |     2971 |   2.4601 |    29966 |   2.4784 |
| North Carolina Avenue |       33 |   2.7523 |      309 |   2.5512 |     2988 |   2.4742 |    29509 |   2.4406 |
| Community Chest       |       24 |   2.0017 |      283 |   2.3365 |     2966 |   2.4560 |    29749 |   2.4605 |
| Pennsylvania Avenue   |       30 |   2.5021 |      281 |   2.3200 |     2834 |   2.3467 |    27965 |   2.3129 |
| Short Line            |       31 |   2.5855 |      285 |   2.3530 |     2637 |   2.1836 |    27411 |   2.2671 |
| Chance                |       26 |   2.1685 |      273 |   2.2540 |     2563 |   2.1223 |    25793 |   2.1333 |
| Park Place            |       33 |   2.7523 |      281 |   2.3200 |     2471 |   2.0461 |    24156 |   1.9979 |
| Luxury Tax            |       19 |   1.5847 |      264 |   2.1797 |     2439 |   2.0196 |    24303 |   2.0101 |
| Boardwalk             |       28 |   2.3353 |      304 |   2.5099 |     2931 |   2.4270 |    29386 |   2.4305 |
+-----------------------+----------+----------+----------+----------+----------+----------+----------+----------+

Test # 9
+-----------------------+----------+----------+----------+----------+----------+----------+----------+----------+
|                       |  n = 1,000          |  n = 10,000         |  n = 100,000        |  n = 1,000,000      |
+-----------------------+----------+----------+----------+----------+----------+----------+----------+----------+
| Space                 |    Count |        % |    Count |        % |    Count |        % |    Count |        % |
+-----------------------+----------+----------+----------+----------+----------+----------+----------+----------+
| Go                    |       36 |   3.1414 |      343 |   2.8481 |     3425 |   2.8311 |    34580 |   2.8611 |
| Mediterranean Avenue  |       24 |   2.0942 |      212 |   1.7604 |     2312 |   1.9111 |    23650 |   1.9568 |
| Community Chest       |       21 |   1.8325 |      246 |   2.0427 |     2479 |   2.0492 |    24208 |   2.0029 |
| Baltic Avenue         |       26 |   2.2688 |      224 |   1.8600 |     2392 |   1.9773 |    24204 |   2.0026 |
| Income Tax            |       20 |   1.7452 |      253 |   2.1008 |     2571 |   2.1252 |    25942 |   2.1464 |
| Reading Railroad      |       33 |   2.8796 |      348 |   2.8896 |     3474 |   2.8716 |    33166 |   2.7441 |
| Oriental Avenue       |       21 |   1.8325 |      238 |   1.9763 |     2512 |   2.0764 |    25156 |   2.0814 |
| Chance                |       20 |   1.7452 |      260 |   2.1589 |     2677 |   2.2128 |    26062 |   2.1563 |
| Vermont Avenue        |       28 |   2.4433 |      241 |   2.0012 |     2557 |   2.1136 |    25873 |   2.1407 |
| Connecticut Avenue    |       25 |   2.1815 |      275 |   2.2835 |     2536 |   2.0963 |    25681 |   2.1248 |
| Jail / Just Visiting  |       71 |   6.1955 |      714 |   5.9288 |     6940 |   5.7367 |    69289 |   5.7329 |
| St. Charles Place     |       29 |   2.5305 |      309 |   2.5658 |     3027 |   2.5021 |    30296 |   2.5066 |
| Electric Company      |       25 |   2.1815 |      271 |   2.2503 |     3062 |   2.5311 |    30451 |   2.5195 |
| States Avenue         |       34 |   2.9668 |      280 |   2.3250 |     2630 |   2.1740 |    25927 |   2.1452 |
| Virginia Avenue       |       26 |   2.2688 |      260 |   2.1589 |     2698 |   2.2302 |    28317 |   2.3429 |
| Pennsylvania Railroad |       31 |   2.7051 |      330 |   2.7402 |     3221 |   2.6625 |    31421 |   2.5997 |
| St. James Place       |       30 |   2.6178 |      346 |   2.8730 |     3189 |   2.6361 |    31535 |   2.6092 |
| Community Chest       |       27 |   2.3560 |      312 |   2.5907 |     3194 |   2.6402 |    31554 |   2.6107 |
| Tennessee Avenue      |       24 |   2.0942 |      356 |   2.9561 |     3322 |   2.7460 |    33285 |   2.7540 |
| New York Avenue       |       40 |   3.4904 |      312 |   2.5907 |     3216 |   2.6584 |    33368 |   2.7608 |
| Free Parking          |       37 |   3.2286 |      318 |   2.6405 |     3332 |   2.7543 |    33135 |   2.7415 |
| Kentucky Avenue       |       29 |   2.5305 |      312 |   2.5907 |     3129 |   2.5865 |    31348 |   2.5937 |
| Chance                |       28 |   2.4433 |      334 |   2.7734 |     3258 |   2.6931 |    32301 |   2.6725 |
| Indiana Avenue        |       32 |   2.7923 |      306 |   2.5409 |     3005 |   2.4840 |    30545 |   2.5273 |
| Illinois Avenue       |       32 |   2.7923 |      345 |   2.8647 |     3577 |   2.9568 |    35553 |   2.9416 |
| B. & O. Railroad      |       27 |   2.3560 |      332 |   2.7568 |     3464 |   2.8634 |    34051 |   2.8173 |
| Atlantic Avenue       |       33 |   2.8796 |      298 |   2.4745 |     3032 |   2.5063 |    30283 |   2.5056 |
| Ventnor Avenue        |       37 |   3.2286 |      318 |   2.6405 |     3017 |   2.4939 |    29884 |   2.4726 |
| Water Works           |       26 |   2.2688 |      340 |   2.8232 |     3123 |   2.5815 |    31209 |   2.5822 |
| Marvin Gardens        |       17 |   1.4834 |      273 |   2.2669 |     2897 |   2.3947 |    28876 |   2.3892 |
| Go To Jail            |       32 |   2.7923 |      300 |   2.4911 |     2887 |   2.3864 |    29498 |   2.4406 |
| Pacific Avenue        |       33 |   2.8796 |      253 |   2.1008 |     2905 |   2.4013 |    29770 |   2.4631 |
| North Carolina Avenue |       25 |   2.1815 |      287 |   2.3831 |     2900 |   2.3972 |    29245 |   2.4197 |
| Community Chest       |       35 |   3.0541 |      310 |   2.5741 |     3063 |   2.5319 |    30415 |   2.5165 |
| Pennsylvania Avenue   |       25 |   2.1815 |      275 |   2.2835 |     2822 |   2.3327 |    27740 |   2.2952 |
| Short Line            |       20 |   1.7452 |      304 |   2.5243 |     2674 |   2.2104 |    27000 |   2.2339 |
| Chance                |       17 |   1.4834 |      223 |   1.8517 |     2582 |   2.1343 |    25679 |   2.1246 |
| Park Place            |       22 |   1.9197 |      247 |   2.0510 |     2460 |   2.0335 |    24361 |   2.0156 |
| Luxury Tax            |       24 |   2.0942 |      244 |   2.0261 |     2468 |   2.0401 |    24444 |   2.0225 |
| Boardwalk             |       24 |   2.0942 |      294 |   2.4413 |     2947 |   2.4360 |    29323 |   2.4261 |
+-----------------------+----------+----------+----------+----------+----------+----------+----------+----------+

Test # 10
+-----------------------+----------+----------+----------+----------+----------+----------+----------+----------+
|                       |  n = 1,000          |  n = 10,000         |  n = 100,000        |  n = 1,000,000      |
+-----------------------+----------+----------+----------+----------+----------+----------+----------+----------+
| Space                 |    Count |        % |    Count |        % |    Count |        % |    Count |        % |
+-----------------------+----------+----------+----------+----------+----------+----------+----------+----------+
| Go                    |       40 |   3.3195 |      351 |   2.8927 |     3533 |   2.9224 |    34709 |   2.8727 |
| Mediterranean Avenue  |       21 |   1.7427 |      257 |   2.1180 |     2356 |   1.9488 |    24009 |   1.9871 |
| Community Chest       |       21 |   1.7427 |      234 |   1.9285 |     2350 |   1.9439 |    24140 |   1.9979 |
| Baltic Avenue         |       29 |   2.4066 |      240 |   1.9779 |     2316 |   1.9157 |    23959 |   1.9830 |
| Income Tax            |       30 |   2.4896 |      277 |   2.2828 |     2664 |   2.2036 |    25971 |   2.1495 |
| Reading Railroad      |       32 |   2.6556 |      332 |   2.7361 |     3358 |   2.7777 |    33175 |   2.7457 |
| Oriental Avenue       |       36 |   2.9876 |      279 |   2.2993 |     2552 |   2.1110 |    25305 |   2.0944 |
| Chance                |       20 |   1.6598 |      251 |   2.0686 |     2570 |   2.1258 |    25859 |   2.1402 |
| Vermont Avenue        |       27 |   2.2407 |      265 |   2.1839 |     2587 |   2.1399 |    25865 |   2.1407 |
| Connecticut Avenue    |       25 |   2.0747 |      259 |   2.1345 |     2655 |   2.1962 |    25936 |   2.1466 |
| Jail / Just Visiting  |       58 |   4.8133 |      669 |   5.5134 |     6967 |   5.7629 |    68947 |   5.7064 |
| St. Charles Place     |       35 |   2.9046 |      308 |   2.5383 |     2993 |   2.4757 |    30365 |   2.5131 |
| Electric Company      |       31 |   2.5726 |      318 |   2.6207 |     3066 |   2.5361 |    30670 |   2.5384 |
| States Avenue         |       28 |   2.3237 |      269 |   2.2169 |     2458 |   2.0332 |    25667 |   2.1243 |
| Virginia Avenue       |       27 |   2.2407 |      271 |   2.2334 |     2869 |   2.3732 |    28334 |   2.3451 |
| Pennsylvania Railroad |       34 |   2.8216 |      304 |   2.5054 |     3132 |   2.5907 |    31482 |   2.6056 |
| St. James Place       |       33 |   2.7386 |      316 |   2.6043 |     3196 |   2.6437 |    31684 |   2.6223 |
| Community Chest       |       26 |   2.1577 |      322 |   2.6537 |     3095 |   2.5601 |    31367 |   2.5961 |
| Tennessee Avenue      |       35 |   2.9046 |      327 |   2.6949 |     3370 |   2.7876 |    33027 |   2.7335 |
| New York Avenue       |       37 |   3.0705 |      353 |   2.9092 |     3362 |   2.7810 |    33445 |   2.7681 |
| Free Parking          |       23 |   1.9087 |      304 |   2.5054 |     3286 |   2.7181 |    33152 |   2.7438 |
| Kentucky Avenue       |       33 |   2.7386 |      347 |   2.8597 |     3211 |   2.6561 |    31343 |   2.5941 |
| Chance                |       41 |   3.4025 |      326 |   2.6867 |     3327 |   2.7520 |    32270 |   2.6708 |
| Indiana Avenue        |       26 |   2.1577 |      283 |   2.3323 |     2967 |   2.4542 |    30377 |   2.5141 |
| Illinois Avenue       |       32 |   2.6556 |      345 |   2.8433 |     3534 |   2.9232 |    35463 |   2.9351 |
| B. & O. Railroad      |       34 |   2.8216 |      349 |   2.8762 |     3488 |   2.8852 |    34370 |   2.8446 |
| Atlantic Avenue       |       33 |   2.7386 |      304 |   2.5054 |     2915 |   2.4112 |    30017 |   2.4843 |
| Ventnor Avenue        |       25 |   2.0747 |      288 |   2.3735 |     2976 |   2.4617 |    29924 |   2.4766 |
| Water Works           |       29 |   2.4066 |      335 |   2.7608 |     3138 |   2.5957 |    31244 |   2.5859 |
| Marvin Gardens        |       31 |   2.5726 |      293 |   2.4147 |     2853 |   2.3599 |    28750 |   2.3795 |
| Go To Jail            |       25 |   2.0747 |      280 |   2.3076 |     2974 |   2.4600 |    29222 |   2.4185 |
| Pacific Avenue        |       30 |   2.4896 |      297 |   2.4477 |     3057 |   2.5287 |    30011 |   2.4838 |
| North Carolina Avenue |       32 |   2.6556 |      303 |   2.4971 |     2996 |   2.4782 |    29372 |   2.4310 |
| Community Chest       |       33 |   2.7386 |      295 |   2.4312 |     2966 |   2.4534 |    30178 |   2.4977 |
| Pennsylvania Avenue   |       26 |   2.1577 |      275 |   2.2664 |     2728 |   2.2565 |    27788 |   2.2999 |
| Short Line            |       28 |   2.3237 |      289 |   2.3817 |     2766 |   2.2880 |    27165 |   2.2483 |
| Chance                |       24 |   1.9917 |      255 |   2.1015 |     2530 |   2.0928 |    25651 |   2.1230 |
| Park Place            |       25 |   2.0747 |      254 |   2.0933 |     2396 |   1.9819 |    24421 |   2.0212 |
| Luxury Tax            |       22 |   1.8257 |      224 |   1.8461 |     2411 |   1.9943 |    24392 |   2.0188 |
| Boardwalk             |       28 |   2.3237 |      286 |   2.3570 |     2925 |   2.4195 |    29220 |   2.4184 |
+-----------------------+----------+----------+----------+----------+----------+----------+----------+----------+
