Test # 1
+-----------------------+----------+----------+----------+----------+----------+----------+----------+----------+
|                       |  n = 1,000          |  n = 10,000         |  n = 100,000        |  n = 1,000,000      |
+-----------------------+----------+----------+----------+----------+----------+----------+----------+----------+
| Space                 |    Count |        % |    Count |        % |    Count |        % |    Count |        % |
+-----------------------+----------+----------+----------+----------+----------+----------+----------+----------+
| Go                    |       38 |   2.9851 |      362 |   2.8385 |     3657 |   2.8726 |    36514 |   2.8687 |
| Mediterranean Avenue  |       28 |   2.1995 |      248 |   1.9446 |     2470 |   1.9402 |    25101 |   1.9720 |
| Community Chest       |       28 |   2.1995 |      268 |   2.1015 |     2632 |   2.0675 |    25473 |   2.0012 |
| Baltic Avenue         |       28 |   2.1995 |      258 |   2.0231 |     2554 |   2.0062 |    25385 |   1.9943 |
| Income Tax            |       33 |   2.5923 |      280 |   2.1956 |     2671 |   2.0981 |    27593 |   2.1678 |
| Reading Railroad      |       40 |   3.1422 |      365 |   2.8621 |     3528 |   2.7713 |    34660 |   2.7230 |
| Oriental Avenue       |       23 |   1.8068 |      271 |   2.1250 |     2680 |   2.1052 |    26865 |   2.1106 |
| Chance                |       28 |   2.1995 |      258 |   2.0231 |     2658 |   2.0879 |    27142 |   2.1324 |
| Vermont Avenue        |       23 |   1.8068 |      268 |   2.1015 |     2661 |   2.0902 |    27068 |   2.1266 |
| Connecticut Avenue    |       23 |   1.8068 |      285 |   2.2348 |     2723 |   2.1389 |    26996 |   2.1209 |
| Jail / Just Visiting  |       70 |   5.4988 |      694 |   5.4419 |     7332 |   5.7594 |    73194 |   5.7504 |
| St. Charles Place     |       44 |   3.4564 |      325 |   2.5484 |     3211 |   2.5223 |    31769 |   2.4959 |
| Electric Company      |       30 |   2.3566 |      318 |   2.4935 |     3106 |   2.4398 |    30811 |   2.4206 |
| States Avenue         |       21 |   1.6496 |      268 |   2.1015 |     2721 |   2.1374 |    27851 |   2.1881 |
| Virginia Avenue       |       27 |   2.1210 |      302 |   2.3681 |     2883 |   2.2646 |    28903 |   2.2707 |
| Pennsylvania Railroad |       34 |   2.6709 |      339 |   2.6582 |     3417 |   2.6841 |    34167 |   2.6843 |
| St. James Place       |       30 |   2.3566 |      324 |   2.5406 |     3284 |   2.5796 |    32773 |   2.5748 |
| Community Chest       |       32 |   2.5137 |      342 |   2.6817 |     3400 |   2.6707 |    34669 |   2.7237 |
| Tennessee Avenue      |       30 |   2.3566 |      326 |   2.5563 |     3508 |   2.7556 |    34482 |   2.7090 |
| New York Avenue       |       39 |   3.0636 |      371 |   2.9091 |     3691 |   2.8993 |    36369 |   2.8573 |
| Free Parking          |       43 |   3.3778 |      360 |   2.8229 |     3441 |   2.7029 |    34074 |   2.6770 |
| Kentucky Avenue       |       34 |   2.6709 |      315 |   2.4700 |     3217 |   2.5270 |    33112 |   2.6014 |
| Chance                |       28 |   2.1995 |      354 |   2.7758 |     3290 |   2.5843 |    33052 |   2.5967 |
| Indiana Avenue        |       26 |   2.0424 |      295 |   2.3132 |     3240 |   2.5450 |    32234 |   2.5324 |
| Illinois Avenue       |       39 |   3.0636 |      393 |   3.0816 |     3803 |   2.9873 |    37407 |   2.9388 |
| B. & O. Railroad      |       37 |   2.9065 |      370 |   2.9013 |     3621 |   2.8443 |    35959 |   2.8251 |
| Atlantic Avenue       |       40 |   3.1422 |      316 |   2.4778 |     3136 |   2.4634 |    31860 |   2.5030 |
| Ventnor Avenue        |       26 |   2.0424 |      297 |   2.3289 |     3135 |   2.4626 |    31691 |   2.4898 |
| Water Works           |       34 |   2.6709 |      331 |   2.5955 |     3345 |   2.6275 |    32926 |   2.5868 |
| Marvin Gardens        |       21 |   1.6496 |      283 |   2.2191 |     3041 |   2.3887 |    30540 |   2.3993 |
| Go To Jail            |       29 |   2.2781 |      289 |   2.2661 |     3119 |   2.4500 |    30722 |   2.4136 |
| Pacific Avenue        |       32 |   2.5137 |      338 |   2.6504 |     3135 |   2.4626 |    31257 |   2.4557 |
| North Carolina Avenue |       29 |   2.2781 |      329 |   2.5798 |     3041 |   2.3887 |    30734 |   2.4146 |
| Community Chest       |       29 |   2.2781 |      310 |   2.4308 |     3199 |   2.5128 |    31942 |   2.5095 |
| Pennsylvania Avenue   |       36 |   2.8280 |      301 |   2.3602 |     3021 |   2.3730 |    29522 |   2.3193 |
| Short Line            |       31 |   2.4352 |      312 |   2.4465 |     2879 |   2.2615 |    28704 |   2.2551 |
| Chance                |       30 |   2.3566 |      289 |   2.2661 |     2764 |   2.1711 |    27117 |   2.1304 |
| Park Place            |       31 |   2.4352 |      257 |   2.0152 |     2502 |   1.9653 |    25691 |   2.0184 |
| Luxury Tax            |       23 |   1.8068 |      244 |   1.9133 |     2575 |   2.0227 |    25468 |   2.0009 |
| Boardwalk             |       26 |   2.0424 |      298 |   2.3367 |     3015 |   2.3683 |    31060 |   2.4402 |
+-----------------------+----------+----------+----------+----------+----------+----------+----------+----------+

Test # 2
+-----------------------+----------+----------+----------+----------+----------+----------+----------+----------+
|                       |  n = 1,000          |  n = 10,000         |  n = 100,000        |  n = 1,000,000      |
+-----------------------+----------+----------+----------+----------+----------+----------+----------+----------+
| Space                 |    Count |        % |    Count |        % |    Count |        % |    Count |        % |
+-----------------------+----------+----------+----------+----------+----------+----------+----------+----------+
| Go                    |       38 |   3.0327 |      375 |   2.9569 |     3617 |   2.8412 |    36311 |   2.8509 |
| Mediterranean Avenue  |       20 |   1.5962 |      233 |   1.8372 |     2516 |   1.9763 |    25088 |   1.9698 |
| Community Chest       |       23 |   1.8356 |      248 |   1.9555 |     2518 |   1.9779 |    25113 |   1.9717 |
| Baltic Avenue         |       15 |   1.1971 |      239 |   1.8846 |     2506 |   1.9685 |    25340 |   1.9896 |
| Income Tax            |       34 |   2.7135 |      272 |   2.1448 |     2730 |   2.1444 |    27355 |   2.1478 |
| Reading Railroad      |       39 |   3.1125 |      369 |   2.9096 |     3500 |   2.7493 |    35080 |   2.7543 |
| Oriental Avenue       |       29 |   2.3144 |      273 |   2.1527 |     2710 |   2.1287 |    26563 |   2.0856 |
| Chance                |       25 |   1.9952 |      248 |   1.9555 |     2643 |   2.0761 |    26923 |   2.1138 |
| Vermont Avenue        |       21 |   1.6760 |      276 |   2.1763 |     2788 |   2.1900 |    27349 |   2.1473 |
| Connecticut Avenue    |       34 |   2.7135 |      269 |   2.1211 |     2708 |   2.1272 |    27005 |   2.1203 |
| Jail / Just Visiting  |       65 |   5.1875 |      732 |   5.7720 |     7342 |   5.7672 |    73458 |   5.7675 |
| St. Charles Place     |       36 |   2.8731 |      323 |   2.5469 |     3141 |   2.4673 |    31973 |   2.5103 |
| Electric Company      |       34 |   2.7135 |      292 |   2.3025 |     3070 |   2.4115 |    30678 |   2.4087 |
| States Avenue         |       22 |   1.7558 |      256 |   2.0186 |     2763 |   2.1704 |    27737 |   2.1777 |
| Virginia Avenue       |       28 |   2.2346 |      315 |   2.4838 |     2877 |   2.2599 |    29143 |   2.2881 |
| Pennsylvania Railroad |       34 |   2.7135 |      337 |   2.6573 |     3479 |   2.7328 |    34444 |   2.7043 |
| St. James Place       |       34 |   2.7135 |      324 |   2.5548 |     3297 |   2.5898 |    32735 |   2.5702 |
| Community Chest       |       38 |   3.0327 |      347 |   2.7362 |     3357 |   2.6370 |    34663 |   2.7215 |
| Tennessee Avenue      |       36 |   2.8731 |      344 |   2.7125 |     3510 |   2.7571 |    34741 |   2.7277 |
| New York Avenue       |       34 |   2.7135 |      350 |   2.7598 |     3718 |   2.9205 |    36443 |   2.8613 |
| Free Parking          |       41 |   3.2721 |      352 |   2.7756 |     3480 |   2.7336 |    33926 |   2.6637 |
| Kentucky Avenue       |       27 |   2.1548 |      337 |   2.6573 |     3337 |   2.6212 |    33193 |   2.6061 |
| Chance                |       34 |   2.7135 |      342 |   2.6967 |     3283 |   2.5788 |    33062 |   2.5958 |
| Indiana Avenue        |       37 |   2.9529 |      334 |   2.6337 |     3202 |   2.5152 |    32157 |   2.5248 |
| Illinois Avenue       |       35 |   2.7933 |      392 |   3.0910 |     3669 |   2.8820 |    37477 |   2.9425 |
| B. & O. Railroad      |       34 |   2.7135 |      362 |   2.8544 |     3546 |   2.7854 |    36083 |   2.8330 |
| Atlantic Avenue       |       30 |   2.3943 |      315 |   2.4838 |     3263 |   2.5631 |    31777 |   2.4949 |
| Ventnor Avenue        |       29 |   2.3144 |      321 |   2.5311 |     3173 |   2.4924 |    31648 |   2.4848 |
| Water Works           |       30 |   2.3943 |      334 |   2.6337 |     3342 |   2.6252 |    32894 |   2.5826 |
| Marvin Gardens        |       33 |   2.6337 |      279 |   2.2000 |     2995 |   2.3526 |    30432 |   2.3893 |
| Go To Jail            |       33 |   2.6337 |      308 |   2.4286 |     3105 |   2.4390 |    31079 |   2.4401 |
| Pacific Avenue        |       16 |   1.2769 |      298 |   2.3498 |     3167 |   2.4877 |    31464 |   2.4704 |
| North Carolina Avenue |       39 |   3.1125 |      294 |   2.3182 |     3128 |   2.4571 |    30838 |   2.4212 |
| Community Chest       |       23 |   1.8356 |      328 |   2.5863 |     3147 |   2.4720 |    31698 |   2.4887 |
| Pennsylvania Avenue   |       31 |   2.4741 |      290 |   2.2867 |     2919 |   2.2929 |    29335 |   2.3032 |
| Short Line            |       31 |   2.4741 |      296 |   2.3340 |     2850 |   2.2387 |    28518 |   2.2391 |
| Chance                |       22 |   1.7558 |      282 |   2.2236 |     2692 |   2.1146 |    27121 |   2.1294 |
| Park Place            |       20 |   1.5962 |      227 |   1.7899 |     2510 |   1.9716 |    25756 |   2.0222 |
| Luxury Tax            |       28 |   2.2346 |      267 |   2.1053 |     2594 |   2.0376 |    25882 |   2.0321 |
| Boardwalk             |       41 |   3.2721 |      302 |   2.3813 |     3114 |   2.4461 |    31172 |   2.4474 |
+-----------------------+----------+----------+----------+----------+----------+----------+----------+----------+

Test # 3
+-----------------------+----------+----------+----------+----------+----------+----------+----------+----------+
|                       |  n = 1,000          |  n = 10,000         |  n = 100,000        |  n = 1,000,000      |
+-----------------------+----------+----------+----------+----------+----------+----------+----------+----------+
| Space                 |    Count |        % |    Count |        % |    Count |        % |    Count |        % |
+-----------------------+----------+----------+----------+----------+----------+----------+----------+----------+
| Go                    |       38 |   2.9480 |      355 |   2.7880 |     3531 |   2.7764 |    36432 |   2.8603 |
| Mediterranean Avenue  |       30 |   2.3274 |      254 |   1.9948 |     2549 |   2.0042 |    25003 |   1.9630 |
| Community Chest       |       33 |   2.5601 |      267 |   2.0969 |     2570 |   2.0208 |    25392 |   1.9936 |
| Baltic Avenue         |       22 |   1.7067 |      254 |   1.9948 |     2575 |   2.0247 |    25412 |   1.9951 |
| Income Tax            |       33 |   2.5601 |      288 |   2.2618 |     2782 |   2.1875 |    27425 |   2.1532 |
| Reading Railroad      |       28 |   2.1722 |      354 |   2.7802 |     3500 |   2.7520 |    34867 |   2.7375 |
| Oriental Avenue       |       21 |   1.6292 |      236 |   1.8535 |     2602 |   2.0459 |    26531 |   2.0830 |
| Chance                |       27 |   2.0946 |      255 |   2.0027 |     2681 |   2.1080 |    27392 |   2.1506 |
| Vermont Avenue        |       23 |   1.7843 |      243 |   1.9084 |     2652 |   2.0852 |    27245 |   2.1390 |
| Connecticut Avenue    |       34 |   2.6377 |      306 |   2.4032 |     2679 |   2.1065 |    26716 |   2.0975 |
| Jail / Just Visiting  |       83 |   6.4391 |      732 |   5.7488 |     7320 |   5.7556 |    73442 |   5.7660 |
| St. Charles Place     |       31 |   2.4050 |      319 |   2.5053 |     3244 |   2.5507 |    31491 |   2.4724 |
| Electric Company      |       24 |   1.8619 |      297 |   2.3325 |     3101 |   2.4383 |    30856 |   2.4226 |
| States Avenue         |       23 |   1.7843 |      271 |   2.1283 |     2726 |   2.1434 |    27950 |   2.1944 |
| Virginia Avenue       |       33 |   2.5601 |      285 |   2.2383 |     2896 |   2.2771 |    29083 |   2.2834 |
| Pennsylvania Railroad |       36 |   2.7929 |      335 |   2.6310 |     3391 |   2.6663 |    34315 |   2.6941 |
| St. James Place       |       35 |   2.7153 |      328 |   2.5760 |     3338 |   2.6246 |    32897 |   2.5828 |
| Community Chest       |       36 |   2.7929 |      351 |   2.7566 |     3428 |   2.6954 |    34343 |   2.6963 |
| Tennessee Avenue      |       32 |   2.4825 |      353 |   2.7723 |     3437 |   2.7025 |    34591 |   2.7158 |
| New York Avenue       |       45 |   3.4911 |      395 |   3.1022 |     3636 |   2.8589 |    36418 |   2.8592 |
| Free Parking          |       34 |   2.6377 |      344 |   2.7016 |     3515 |   2.7638 |    34301 |   2.6930 |
| Kentucky Avenue       |       31 |   2.4050 |      332 |   2.6074 |     3326 |   2.6152 |    33027 |   2.5930 |
| Chance                |       34 |   2.6377 |      330 |   2.5917 |     3184 |   2.5035 |    33048 |   2.5946 |
| Indiana Avenue        |       34 |   2.6377 |      316 |   2.4817 |     3195 |   2.5122 |    32275 |   2.5340 |
| Illinois Avenue       |       33 |   2.5601 |      347 |   2.7252 |     3683 |   2.8959 |    37517 |   2.9455 |
| B. & O. Railroad      |       32 |   2.4825 |      363 |   2.8509 |     3609 |   2.8377 |    35847 |   2.8144 |
| Atlantic Avenue       |       36 |   2.7929 |      309 |   2.4268 |     3109 |   2.4446 |    31950 |   2.5084 |
| Ventnor Avenue        |       33 |   2.5601 |      314 |   2.4660 |     3189 |   2.5075 |    31496 |   2.4728 |
| Water Works           |       31 |   2.4050 |      344 |   2.7016 |     3280 |   2.5790 |    32991 |   2.5902 |
| Marvin Gardens        |       33 |   2.5601 |      323 |   2.5367 |     3128 |   2.4595 |    30349 |   2.3827 |
| Go To Jail            |       34 |   2.6377 |      292 |   2.2933 |     3084 |   2.4249 |    31090 |   2.4409 |
| Pacific Avenue        |       28 |   2.1722 |      313 |   2.4582 |     3275 |   2.5751 |    31758 |   2.4934 |
| North Carolina Avenue |       29 |   2.2498 |      296 |   2.3247 |     3011 |   2.3675 |    30688 |   2.4094 |
| Community Chest       |       34 |   2.6377 |      324 |   2.5446 |     3147 |   2.4744 |    31627 |   2.4831 |
| Pennsylvania Avenue   |       35 |   2.7153 |      309 |   2.4268 |     2931 |   2.3046 |    29538 |   2.3191 |
| Short Line            |       25 |   1.9395 |      299 |   2.3482 |     2882 |   2.2661 |    28759 |   2.2579 |
| Chance                |       30 |   2.3274 |      248 |   1.9477 |     2722 |   2.1403 |    27129 |   2.1299 |
| Park Place            |       26 |   2.0171 |      291 |   2.2854 |     2585 |   2.0326 |    25834 |   2.0283 |
| Luxury Tax            |       21 |   1.6292 |      260 |   2.0419 |     2601 |   2.0451 |    25664 |   2.0149 |
| Boardwalk             |       29 |   2.2498 |      301 |   2.3639 |     3086 |   2.4265 |    31009 |   2.4346 |
+-----------------------+----------+----------+----------+----------+----------+----------+----------+----------+

Test # 4
+-----------------------+----------+----------+----------+----------+----------+----------+----------+----------+
|                       |  n = 1,000          |  n = 10,000         |  n = 100,000        |  n = 1,000,000      |
+-----------------------+----------+----------+----------+----------+----------+----------+----------+----------+
| Space                 |    Count |        % |    Count |        % |    Count |        % |    Count |        % |
+-----------------------+----------+----------+----------+----------+----------+----------+----------+----------+
| Go                    |       35 |   2.7712 |      359 |   2.8163 |     3559 |   2.7987 |    36321 |   2.8529 |
| Mediterranean Avenue  |       24 |   1.9002 |      258 |   2.0240 |     2531 |   1.9903 |    25000 |   1.9636 |
| Community Chest       |       26 |   2.0586 |      248 |   1.9456 |     2482 |   1.9517 |    25456 |   1.9995 |
| Baltic Avenue         |       25 |   1.9794 |      252 |   1.9769 |     2629 |   2.0673 |    25555 |   2.0072 |
| Income Tax            |       28 |   2.2169 |      259 |   2.0319 |     2686 |   2.1122 |    27389 |   2.1513 |
| Reading Railroad      |       30 |   2.3753 |      324 |   2.5418 |     3530 |   2.7759 |    34729 |   2.7278 |
| Oriental Avenue       |       21 |   1.6627 |      281 |   2.2044 |     2687 |   2.1130 |    26779 |   2.1034 |
| Chance                |       25 |   1.9794 |      254 |   1.9926 |     2669 |   2.0988 |    27213 |   2.1375 |
| Vermont Avenue        |       31 |   2.4545 |      287 |   2.2515 |     2665 |   2.0957 |    27283 |   2.1430 |
| Connecticut Avenue    |       28 |   2.2169 |      263 |   2.0632 |     2651 |   2.0846 |    27165 |   2.1337 |
| Jail / Just Visiting  |       78 |   6.1758 |      747 |   5.8602 |     7436 |   5.8474 |    73016 |   5.7351 |
| St. Charles Place     |       29 |   2.2961 |      315 |   2.4712 |     3089 |   2.4291 |    31790 |   2.4970 |
| Electric Company      |       24 |   1.9002 |      302 |   2.3692 |     3093 |   2.4322 |    30872 |   2.4249 |
| States Avenue         |       34 |   2.6920 |      296 |   2.3221 |     2870 |   2.2569 |    27873 |   2.1893 |
| Virginia Avenue       |       32 |   2.5336 |      303 |   2.3770 |     2969 |   2.3347 |    29180 |   2.2920 |
| Pennsylvania Railroad |       34 |   2.6920 |      325 |   2.5496 |     3324 |   2.6139 |    34309 |   2.6948 |
| St. James Place       |       37 |   2.9295 |      330 |   2.5888 |     3341 |   2.6272 |    32767 |   2.5737 |
| Community Chest       |       38 |   3.0087 |      346 |   2.7144 |     3397 |   2.6713 |    34847 |   2.7371 |
| Tennessee Avenue      |       32 |   2.5336 |      350 |   2.7457 |     3382 |   2.6595 |    34327 |   2.6962 |
| New York Avenue       |       32 |   2.5336 |      349 |   2.7379 |     3556 |   2.7963 |    36125 |   2.8375 |
| Free Parking          |       45 |   3.5629 |      350 |   2.7457 |     3521 |   2.7688 |    34320 |   2.6957 |
| Kentucky Avenue       |       43 |   3.4046 |      378 |   2.9654 |     3431 |   2.6980 |    33491 |   2.6306 |
| Chance                |       27 |   2.1378 |      316 |   2.4790 |     3207 |   2.5219 |    32920 |   2.5857 |
| Indiana Avenue        |       23 |   1.8211 |      337 |   2.6438 |     3250 |   2.5557 |    32150 |   2.5252 |
| Illinois Avenue       |       39 |   3.0879 |      382 |   2.9968 |     3767 |   2.9622 |    37314 |   2.9309 |
| B. & O. Railroad      |       29 |   2.2961 |      344 |   2.6987 |     3557 |   2.7971 |    35982 |   2.8262 |
| Atlantic Avenue       |       37 |   2.9295 |      326 |   2.5575 |     3284 |   2.5824 |    31646 |   2.4857 |
| Ventnor Avenue        |       37 |   2.9295 |      310 |   2.4319 |     3128 |   2.4597 |    31556 |   2.4786 |
| Water Works           |       29 |   2.2961 |      317 |   2.4869 |     3225 |   2.5360 |    33071 |   2.5976 |
| Marvin Gardens        |       30 |   2.3753 |      315 |   2.4712 |     3093 |   2.4322 |    30500 |   2.3956 |
| Go To Jail            |       34 |   2.6920 |      311 |   2.4398 |     3165 |   2.4888 |    30784 |   2.4180 |
| Pacific Avenue        |       25 |   1.9794 |      305 |   2.3927 |     3105 |   2.4417 |    31533 |   2.4768 |
| North Carolina Avenue |       37 |   2.9295 |      315 |   2.4712 |     3116 |   2.4503 |    30966 |   2.4322 |
| Community Chest       |       30 |   2.3753 |      321 |   2.5182 |     3157 |   2.4825 |    31583 |   2.4807 |
| Pennsylvania Avenue   |       27 |   2.1378 |      300 |   2.3535 |     2913 |   2.2907 |    29373 |   2.3071 |
| Short Line            |       24 |   1.9002 |      259 |   2.0319 |     2849 |   2.2403 |    28691 |   2.2536 |
| Chance                |       27 |   2.1378 |      296 |   2.3221 |     2680 |   2.1074 |    27088 |   2.1276 |
| Park Place            |       27 |   2.1378 |      255 |   2.0005 |     2598 |   2.0430 |    25884 |   2.0331 |
| Luxury Tax            |       21 |   1.6627 |      250 |   1.9612 |     2523 |   1.9840 |    25638 |   2.0138 |
| Boardwalk             |       29 |   2.2961 |      312 |   2.4476 |     3053 |   2.4008 |    30657 |   2.4080 |
+-----------------------+----------+----------+----------+----------+----------+----------+----------+----------+

Test # 5
+-----------------------+----------+----------+----------+----------+----------+----------+----------+----------+
|                       |  n = 1,000          |  n = 10,000         |  n = 100,000        |  n = 1,000,000      |
+-----------------------+----------+----------+----------+----------+----------+----------+----------+----------+
| Space                 |    Count |        % |    Count |        % |    Count |        % |    Count |        % |
+-----------------------+----------+----------+----------+----------+----------+----------+----------+----------+
| Go                    |       37 |   2.8616 |      374 |   2.9414 |     3656 |   2.8690 |    36443 |   2.8611 |
| Mediterranean Avenue  |       25 |   1.9335 |      251 |   1.9740 |     2514 |   1.9728 |    25189 |   1.9776 |
| Community Chest       |       29 |   2.2428 |      229 |   1.8010 |     2513 |   1.9720 |    25524 |   2.0039 |
| Baltic Avenue         |       19 |   1.4695 |      250 |   1.9662 |     2521 |   1.9783 |    25334 |   1.9889 |
| Income Tax            |       25 |   1.9335 |      277 |   2.1785 |     2744 |   2.1533 |    27399 |   2.1511 |
| Reading Railroad      |       40 |   3.0936 |      374 |   2.9414 |     3503 |   2.7489 |    34779 |   2.7305 |
| Oriental Avenue       |       34 |   2.6295 |      254 |   1.9976 |     2655 |   2.0834 |    26712 |   2.0971 |
| Chance                |       32 |   2.4749 |      268 |   2.1077 |     2741 |   2.1509 |    27126 |   2.1296 |
| Vermont Avenue        |       16 |   1.2374 |      259 |   2.0370 |     2655 |   2.0834 |    27259 |   2.1401 |
| Connecticut Avenue    |       37 |   2.8616 |      272 |   2.1392 |     2701 |   2.1195 |    27138 |   2.1306 |
| Jail / Just Visiting  |       65 |   5.0271 |      726 |   5.7098 |     7345 |   5.7638 |    73082 |   5.7376 |
| St. Charles Place     |       29 |   2.2428 |      305 |   2.3987 |     3200 |   2.5111 |    31934 |   2.5071 |
| Electric Company      |       29 |   2.2428 |      293 |   2.3044 |     3056 |   2.3981 |    30547 |   2.3982 |
| States Avenue         |       30 |   2.3202 |      288 |   2.2650 |     2826 |   2.2176 |    28166 |   2.2113 |
| Virginia Avenue       |       24 |   1.8561 |      294 |   2.3122 |     2883 |   2.2624 |    28868 |   2.2664 |
| Pennsylvania Railroad |       39 |   3.0162 |      368 |   2.8942 |     3478 |   2.7293 |    34486 |   2.7075 |
| St. James Place       |       21 |   1.6241 |      344 |   2.7055 |     3310 |   2.5974 |    32797 |   2.5749 |
| Community Chest       |       43 |   3.3256 |      374 |   2.9414 |     3477 |   2.7285 |    34844 |   2.7356 |
| Tennessee Avenue      |       38 |   2.9389 |      349 |   2.7448 |     3465 |   2.7191 |    34526 |   2.7106 |
| New York Avenue       |       30 |   2.3202 |      312 |   2.4538 |     3483 |   2.7332 |    36072 |   2.8320 |
| Free Parking          |       37 |   2.8616 |      341 |   2.6819 |     3398 |   2.6665 |    34267 |   2.6903 |
| Kentucky Avenue       |       27 |   2.0882 |      319 |   2.5088 |     3337 |   2.6186 |    33023 |   2.5926 |
| Chance                |       30 |   2.3202 |      350 |   2.7527 |     3356 |   2.6335 |    32921 |   2.5846 |
| Indiana Avenue        |       38 |   2.9389 |      344 |   2.7055 |     3305 |   2.5935 |    32273 |   2.5337 |
| Illinois Avenue       |       27 |   2.0882 |      367 |   2.8864 |     3757 |   2.9482 |    37657 |   2.9564 |
| B. & O. Railroad      |       50 |   3.8670 |      355 |   2.7920 |     3495 |   2.7426 |    35974 |   2.8243 |
| Atlantic Avenue       |       37 |   2.8616 |      320 |   2.5167 |     3250 |   2.5504 |    31882 |   2.5030 |
| Ventnor Avenue        |       27 |   2.0882 |      301 |   2.3673 |     3180 |   2.4954 |    31415 |   2.4664 |
| Water Works           |       34 |   2.6295 |      316 |   2.4853 |     3218 |   2.5252 |    32915 |   2.5841 |
| Marvin Gardens        |       44 |   3.4029 |      324 |   2.5482 |     3117 |   2.4460 |    30513 |   2.3955 |
| Go To Jail            |       23 |   1.7788 |      303 |   2.3830 |     3145 |   2.4680 |    31092 |   2.4410 |
| Pacific Avenue        |       28 |   2.1655 |      330 |   2.5954 |     3199 |   2.5103 |    31645 |   2.4844 |
| North Carolina Avenue |       30 |   2.3202 |      286 |   2.2493 |     2970 |   2.3306 |    30606 |   2.4028 |
| Community Chest       |       28 |   2.1655 |      320 |   2.5167 |     3186 |   2.5001 |    32003 |   2.5125 |
| Pennsylvania Avenue   |       46 |   3.5576 |      309 |   2.4302 |     3003 |   2.3565 |    29480 |   2.3144 |
| Short Line            |       29 |   2.2428 |      291 |   2.2886 |     2898 |   2.2741 |    28670 |   2.2508 |
| Chance                |       27 |   2.0882 |      274 |   2.1549 |     2731 |   2.1431 |    26939 |   2.1150 |
| Park Place            |       32 |   2.4749 |      264 |   2.0763 |     2540 |   1.9932 |    25739 |   2.0207 |
| Luxury Tax            |       24 |   1.8561 |      228 |   1.7932 |     2557 |   2.0065 |    25475 |   2.0000 |
| Boardwalk             |       33 |   2.5522 |      312 |   2.4538 |     3065 |   2.4052 |    31027 |   2.4359 |
+-----------------------+----------+----------+----------+----------+----------+----------+----------+----------+

Test # 6
+-----------------------+----------+----------+----------+----------+----------+----------+----------+----------+
|                       |  n = 1,000          |  n = 10,000         |  n = 100,000        |  n = 1,000,000      |
+-----------------------+----------+----------+----------+----------+----------+----------+----------+----------+
| Space                 |    Count |        % |    Count |        % |    Count |        % |    Count |        % |
+-----------------------+----------+----------+----------+----------+----------+----------+----------+----------+
| Go                    |       30 |   2.3753 |      359 |   2.8382 |     3581 |   2.8125 |    36494 |   2.8656 |
| Mediterranean Avenue  |       21 |   1.6627 |      257 |   2.0318 |     2561 |   2.0114 |    25255 |   1.9831 |
| Community Chest       |       26 |   2.0586 |      252 |   1.9923 |     2577 |   2.0239 |    25503 |   2.0026 |
| Baltic Avenue         |       24 |   1.9002 |      257 |   2.0318 |     2542 |   1.9965 |    25324 |   1.9885 |
| Income Tax            |       26 |   2.0586 |      261 |   2.0634 |     2673 |   2.0993 |    27155 |   2.1323 |
| Reading Railroad      |       38 |   3.0087 |      337 |   2.6642 |     3543 |   2.7826 |    34805 |   2.7330 |
| Oriental Avenue       |       28 |   2.2169 |      247 |   1.9527 |     2584 |   2.0294 |    26400 |   2.0730 |
| Chance                |       28 |   2.2169 |      280 |   2.2136 |     2734 |   2.1472 |    27182 |   2.1344 |
| Vermont Avenue        |       30 |   2.3753 |      270 |   2.1346 |     2679 |   2.1040 |    27422 |   2.1532 |
| Connecticut Avenue    |       20 |   1.5835 |      268 |   2.1187 |     2765 |   2.1716 |    27078 |   2.1262 |
| Jail / Just Visiting  |       80 |   6.3341 |      766 |   6.0558 |     7351 |   5.7734 |    73157 |   5.7445 |
| St. Charles Place     |       26 |   2.0586 |      302 |   2.3875 |     3200 |   2.5132 |    31775 |   2.4951 |
| Electric Company      |       28 |   2.2169 |      299 |   2.3638 |     3022 |   2.3734 |    30714 |   2.4117 |
| States Avenue         |       31 |   2.4545 |      278 |   2.1978 |     2782 |   2.1849 |    27799 |   2.1829 |
| Virginia Avenue       |       30 |   2.3753 |      271 |   2.1425 |     2854 |   2.2415 |    28941 |   2.2725 |
| Pennsylvania Railroad |       42 |   3.3254 |      371 |   2.9330 |     3471 |   2.7261 |    34315 |   2.6945 |
| St. James Place       |       39 |   3.0879 |      322 |   2.5457 |     3290 |   2.5839 |    32932 |   2.5859 |
| Community Chest       |       32 |   2.5336 |      354 |   2.7986 |     3475 |   2.7292 |    34481 |   2.7075 |
| Tennessee Avenue      |       32 |   2.5336 |      328 |   2.5931 |     3440 |   2.7017 |    34720 |   2.7263 |
| New York Avenue       |       30 |   2.3753 |      381 |   3.0121 |     3627 |   2.8486 |    36450 |   2.8622 |
| Free Parking          |       34 |   2.6920 |      326 |   2.5773 |     3443 |   2.7041 |    33960 |   2.6666 |
| Kentucky Avenue       |       29 |   2.2961 |      317 |   2.5061 |     3340 |   2.6232 |    33260 |   2.6117 |
| Chance                |       43 |   3.4046 |      351 |   2.7749 |     3315 |   2.6036 |    32963 |   2.5883 |
| Indiana Avenue        |       29 |   2.2961 |      332 |   2.6247 |     3232 |   2.5384 |    32211 |   2.5293 |
| Illinois Avenue       |       37 |   2.9295 |      368 |   2.9093 |     3687 |   2.8957 |    37492 |   2.9440 |
| B. & O. Railroad      |       37 |   2.9295 |      350 |   2.7670 |     3648 |   2.8651 |    36214 |   2.8436 |
| Atlantic Avenue       |       32 |   2.5336 |      312 |   2.4666 |     3137 |   2.4638 |    31929 |   2.5071 |
| Ventnor Avenue        |       29 |   2.2961 |      315 |   2.4903 |     3128 |   2.4567 |    31288 |   2.4568 |
| Water Works           |       29 |   2.2961 |      316 |   2.4982 |     3345 |   2.6271 |    33104 |   2.5994 |
| Marvin Gardens        |       28 |   2.2169 |      310 |   2.4508 |     3064 |   2.4064 |    30560 |   2.3997 |
| Go To Jail            |       32 |   2.5336 |      315 |   2.4903 |     3114 |   2.4457 |    30910 |   2.4271 |
| Pacific Avenue        |       33 |   2.6128 |      337 |   2.6642 |     3186 |   2.5022 |    31783 |   2.4957 |
| North Carolina Avenue |       33 |   2.6128 |      312 |   2.4666 |     3079 |   2.4182 |    30567 |   2.4002 |
| Community Chest       |       27 |   2.1378 |      288 |   2.2769 |     3120 |   2.4504 |    31641 |   2.4845 |
| Pennsylvania Avenue   |       25 |   1.9794 |      265 |   2.0950 |     2876 |   2.2588 |    29303 |   2.3009 |
| Short Line            |       36 |   2.8504 |      281 |   2.2215 |     2882 |   2.2635 |    28855 |   2.2658 |
| Chance                |       28 |   2.2169 |      258 |   2.0397 |     2692 |   2.1143 |    27267 |   2.1411 |
| Park Place            |       20 |   1.5835 |      257 |   2.0318 |     2629 |   2.0648 |    25734 |   2.0207 |
| Luxury Tax            |       30 |   2.3753 |      266 |   2.1029 |     2550 |   2.0027 |    25631 |   2.0126 |
| Boardwalk             |       31 |   2.4545 |      313 |   2.4745 |     3108 |   2.4410 |    30944 |   2.4298 |
+-----------------------+----------+----------+----------+----------+----------+----------+----------+----------+

Test # 7
+-----------------------+----------+----------+----------+----------+----------+----------+----------+----------+
|                       |  n = 1,000          |  n = 10,000         |  n = 100,000        |  n = 1,000,000      |
+-----------------------+----------+----------+----------+----------+----------+----------+----------+----------+
| Space                 |    Count |        % |    Count |        % |    Count |        % |    Count |        % |
+-----------------------+----------+----------+----------+----------+----------+----------+----------+----------+
| Go                    |       39 |   3.0350 |      348 |   2.7219 |     3627 |   2.8493 |    36375 |   2.8573 |
| Mediterranean Avenue  |       24 |   1.8677 |      255 |   1.9945 |     2531 |   1.9883 |    25071 |   1.9694 |
| Community Chest       |       22 |   1.7121 |      234 |   1.8303 |     2460 |   1.9325 |    25252 |   1.9836 |
| Baltic Avenue         |       24 |   1.8677 |      241 |   1.8850 |     2500 |   1.9640 |    25310 |   1.9881 |
| Income Tax            |       33 |   2.5681 |      303 |   2.3700 |     2856 |   2.2436 |    27311 |   2.1453 |
| Reading Railroad      |       31 |   2.4125 |      358 |   2.8002 |     3554 |   2.7920 |    35123 |   2.7590 |
| Oriental Avenue       |       29 |   2.2568 |      241 |   1.8850 |     2562 |   2.0127 |    26356 |   2.0703 |
| Chance                |       27 |   2.1012 |      285 |   2.2292 |     2762 |   2.1698 |    27216 |   2.1379 |
| Vermont Avenue        |       29 |   2.2568 |      271 |   2.1197 |     2662 |   2.0912 |    27320 |   2.1460 |
| Connecticut Avenue    |       31 |   2.4125 |      285 |   2.2292 |     2769 |   2.1753 |    27067 |   2.1262 |
| Jail / Just Visiting  |       73 |   5.6809 |      762 |   5.9601 |     7285 |   5.7230 |    73386 |   5.7646 |
| St. Charles Place     |       32 |   2.4903 |      313 |   2.4482 |     3200 |   2.5139 |    31835 |   2.5007 |
| Electric Company      |       33 |   2.5681 |      307 |   2.4013 |     3083 |   2.4220 |    30655 |   2.4080 |
| States Avenue         |       25 |   1.9455 |      238 |   1.8616 |     2699 |   2.1203 |    27865 |   2.1888 |
| Virginia Avenue       |       25 |   1.9455 |      294 |   2.2996 |     2832 |   2.2248 |    29004 |   2.2783 |
| Pennsylvania Railroad |       34 |   2.6459 |      346 |   2.7063 |     3480 |   2.7339 |    34452 |   2.7063 |
| St. James Place       |       31 |   2.4125 |      341 |   2.6672 |     3329 |   2.6152 |    32865 |   2.5816 |
| Community Chest       |       36 |   2.8016 |      332 |   2.5968 |     3401 |   2.6718 |    34651 |   2.7219 |
| Tennessee Avenue      |       27 |   2.1012 |      348 |   2.7219 |     3486 |   2.7386 |    34429 |   2.7045 |
| New York Avenue       |       43 |   3.3463 |      385 |   3.0113 |     3615 |   2.8399 |    36174 |   2.8415 |
| Free Parking          |       34 |   2.6459 |      347 |   2.7141 |     3361 |   2.6404 |    34049 |   2.6746 |
| Kentucky Avenue       |       30 |   2.3346 |      326 |   2.5499 |     3296 |   2.5893 |    33082 |   2.5986 |
| Chance                |       32 |   2.4903 |      346 |   2.7063 |     3356 |   2.6364 |    33240 |   2.6111 |
| Indiana Avenue        |       33 |   2.5681 |      332 |   2.5968 |     3135 |   2.4628 |    32392 |   2.5444 |
| Illinois Avenue       |       30 |   2.3346 |      363 |   2.8393 |     3836 |   3.0135 |    37512 |   2.9466 |
| B. & O. Railroad      |       42 |   3.2685 |      346 |   2.7063 |     3622 |   2.8454 |    36127 |   2.8378 |
| Atlantic Avenue       |       28 |   2.1790 |      318 |   2.4873 |     3177 |   2.4958 |    31738 |   2.4931 |
| Ventnor Avenue        |       34 |   2.6459 |      315 |   2.4638 |     3170 |   2.4903 |    31356 |   2.4631 |
| Water Works           |       33 |   2.5681 |      341 |   2.6672 |     3271 |   2.5697 |    32913 |   2.5854 |
| Marvin Gardens        |       37 |   2.8794 |      303 |   2.3700 |     3042 |   2.3898 |    30266 |   2.3774 |
| Go To Jail            |       27 |   2.1012 |      331 |   2.5890 |     3040 |   2.3882 |    31006 |   2.4356 |
| Pacific Avenue        |       29 |   2.2568 |      304 |   2.3778 |     3127 |   2.4565 |    31461 |   2.4713 |
| North Carolina Avenue |       30 |   2.3346 |      317 |   2.4795 |     3106 |   2.4400 |    30816 |   2.4206 |
| Community Chest       |       39 |   3.0350 |      322 |   2.5186 |     3222 |   2.5312 |    32030 |   2.5160 |
| Pennsylvania Avenue   |       25 |   1.9455 |      266 |   2.0806 |     2859 |   2.2460 |    29233 |   2.2963 |
| Short Line            |       31 |   2.4125 |      286 |   2.2370 |     2950 |   2.3175 |    28504 |   2.2390 |
| Chance                |       33 |   2.5681 |      302 |   2.3621 |     2803 |   2.2020 |    27425 |   2.1543 |
| Park Place            |       26 |   2.0233 |      244 |   1.9085 |     2503 |   1.9663 |    25475 |   2.0011 |
| Luxury Tax            |       28 |   2.1790 |      270 |   2.1118 |     2602 |   2.0441 |    25630 |   2.0133 |
| Boardwalk             |       36 |   2.8016 |      319 |   2.4951 |     3122 |   2.4526 |    31077 |   2.4411 |
+-----------------------+----------+----------+----------+----------+----------+----------+----------+----------+

Test # 8
+-----------------------+----------+----------+----------+----------+----------+----------+----------+----------+
|                       |  n = 1,000          |  n = 10,000         |  n = 100,000        |  n = 1,000,000      |
+-----------------------+----------+----------+----------+----------+----------+----------+----------+----------+
| Space                 |    Count |        % |    Count |        % |    Count |        % |    Count |        % |
+-----------------------+----------+----------+----------+----------+----------+----------+----------+----------+
| Go                    |       35 |   2.8067 |      365 |   2.8648 |     3701 |   2.9102 |    36549 |   2.8703 |
| Mediterranean Avenue  |       24 |   1.9246 |      249 |   1.9543 |     2524 |   1.9847 |    25275 |   1.9849 |
| Community Chest       |       29 |   2.3256 |      268 |   2.1034 |     2490 |   1.9580 |    25289 |   1.9860 |
| Baltic Avenue         |       30 |   2.4058 |      239 |   1.8758 |     2599 |   2.0437 |    25482 |   2.0012 |
| Income Tax            |       29 |   2.3256 |      284 |   2.2290 |     2794 |   2.1970 |    27379 |   2.1502 |
| Reading Railroad      |       30 |   2.4058 |      341 |   2.6764 |     3472 |   2.7301 |    34909 |   2.7415 |
| Oriental Avenue       |       24 |   1.9246 |      244 |   1.9151 |     2625 |   2.0641 |    26601 |   2.0891 |
| Chance                |       38 |   3.0473 |      307 |   2.4095 |     2775 |   2.1821 |    26936 |   2.1154 |
| Vermont Avenue        |       28 |   2.2454 |      278 |   2.1819 |     2728 |   2.1451 |    27339 |   2.1470 |
| Connecticut Avenue    |       24 |   1.9246 |      261 |   2.0485 |     2664 |   2.0948 |    26935 |   2.1153 |
| Jail / Just Visiting  |       61 |   4.8917 |      734 |   5.7609 |     7243 |   5.6954 |    73314 |   5.7576 |
| St. Charles Place     |       38 |   3.0473 |      305 |   2.3938 |     3227 |   2.5375 |    31677 |   2.4877 |
| Electric Company      |       21 |   1.6840 |      311 |   2.4409 |     3020 |   2.3747 |    30826 |   2.4209 |
| States Avenue         |       32 |   2.5662 |      258 |   2.0250 |     2752 |   2.1640 |    27776 |   2.1814 |
| Virginia Avenue       |       29 |   2.3256 |      283 |   2.2212 |     2908 |   2.2866 |    29132 |   2.2878 |
| Pennsylvania Railroad |       27 |   2.1652 |      360 |   2.8255 |     3475 |   2.7325 |    34093 |   2.6774 |
| St. James Place       |       25 |   2.0048 |      332 |   2.6058 |     3273 |   2.5737 |    32818 |   2.5773 |
| Community Chest       |       39 |   3.1275 |      327 |   2.5665 |     3423 |   2.6916 |    34862 |   2.7378 |
| Tennessee Avenue      |       33 |   2.6464 |      352 |   2.7627 |     3467 |   2.7262 |    34524 |   2.7113 |
| New York Avenue       |       39 |   3.1275 |      385 |   3.0217 |     3716 |   2.9220 |    36392 |   2.8580 |
| Free Parking          |       29 |   2.3256 |      310 |   2.4331 |     3353 |   2.6366 |    34030 |   2.6725 |
| Kentucky Avenue       |       35 |   2.8067 |      330 |   2.5901 |     3321 |   2.6114 |    33508 |   2.6315 |
| Chance                |       29 |   2.3256 |      323 |   2.5351 |     3257 |   2.5611 |    32833 |   2.5785 |
| Indiana Avenue        |       39 |   3.1275 |      330 |   2.5901 |     3186 |   2.5052 |    32015 |   2.5143 |
| Illinois Avenue       |       30 |   2.4058 |      390 |   3.0610 |     3753 |   2.9511 |    37442 |   2.9405 |
| B. & O. Railroad      |       27 |   2.1652 |      362 |   2.8412 |     3541 |   2.7844 |    36003 |   2.8274 |
| Atlantic Avenue       |       38 |   3.0473 |      329 |   2.5822 |     3265 |   2.5674 |    31963 |   2.5102 |
| Ventnor Avenue        |       29 |   2.3256 |      296 |   2.3232 |     3178 |   2.4990 |    31380 |   2.4644 |
| Water Works           |       37 |   2.9671 |      340 |   2.6686 |     3302 |   2.5965 |    33220 |   2.6089 |
| Marvin Gardens        |       36 |   2.8869 |      291 |   2.2840 |     3009 |   2.3661 |    30518 |   2.3967 |
| Go To Jail            |       19 |   1.5237 |      308 |   2.4174 |     3092 |   2.4313 |    30816 |   2.4201 |
| Pacific Avenue        |       35 |   2.8067 |      335 |   2.6293 |     3088 |   2.4282 |    31490 |   2.4730 |
| North Carolina Avenue |       37 |   2.9671 |      321 |   2.5194 |     3020 |   2.3747 |    30732 |   2.4135 |
| Community Chest       |       28 |   2.2454 |      320 |   2.5116 |     3210 |   2.5241 |    32156 |   2.5253 |
| Pennsylvania Avenue   |       21 |   1.6840 |      305 |   2.3938 |     3092 |   2.4313 |    29306 |   2.3015 |
| Short Line            |       27 |   2.1652 |      281 |   2.2055 |     2867 |   2.2544 |    28727 |   2.2560 |
| Chance                |       33 |   2.6464 |      272 |   2.1348 |     2660 |   2.0916 |    27212 |   2.1371 |
| Park Place            |       27 |   2.1652 |      240 |   1.8837 |     2556 |   2.0099 |    25475 |   2.0006 |
| Luxury Tax            |       21 |   1.6840 |      251 |   1.9700 |     2499 |   1.9650 |    25472 |   2.0004 |
| Boardwalk             |       35 |   2.8067 |      324 |   2.5430 |     3048 |   2.3967 |    30933 |   2.4293 |
+-----------------------+----------+----------+----------+----------+----------+----------+----------+----------+

Test # 9
+-----------------------+----------+----------+----------+----------+----------+----------+----------+----------+
|                       |  n = 1,000          |  n = 10,000         |  n = 100,000        |  n = 1,000,000      |
+-----------------------+----------+----------+----------+----------+----------+----------+----------+----------+
| Space                 |    Count |        % |    Count |        % |    Count |        % |    Count |        % |
+-----------------------+----------+----------+----------+----------+----------+----------+----------+----------+
| Go                    |       38 |   3.0111 |      402 |   3.1507 |     3712 |   2.9131 |    36299 |   2.8507 |
| Mediterranean Avenue  |       26 |   2.0602 |      246 |   1.9281 |     2521 |   1.9784 |    25045 |   1.9669 |
| Community Chest       |       24 |   1.9017 |      266 |   2.0848 |     2597 |   2.0380 |    25441 |   1.9980 |
| Baltic Avenue         |       26 |   2.0602 |      270 |   2.1162 |     2501 |   1.9627 |    25170 |   1.9767 |
| Income Tax            |       33 |   2.6149 |      283 |   2.2180 |     2727 |   2.1401 |    27666 |   2.1727 |
| Reading Railroad      |       36 |   2.8526 |      336 |   2.6334 |     3537 |   2.7757 |    34882 |   2.7394 |
| Oriental Avenue       |       24 |   1.9017 |      256 |   2.0064 |     2690 |   2.1110 |    26638 |   2.0920 |
| Chance                |       24 |   1.9017 |      264 |   2.0691 |     2721 |   2.1354 |    27001 |   2.1205 |
| Vermont Avenue        |       32 |   2.5357 |      276 |   2.1632 |     2776 |   2.1785 |    27358 |   2.1485 |
| Connecticut Avenue    |       28 |   2.2187 |      283 |   2.2180 |     2670 |   2.0953 |    26938 |   2.1155 |
| Jail / Just Visiting  |       68 |   5.3883 |      751 |   5.8860 |     7330 |   5.7524 |    73414 |   5.7654 |
| St. Charles Place     |       29 |   2.2979 |      339 |   2.6569 |     3189 |   2.5026 |    31858 |   2.5019 |
| Electric Company      |       36 |   2.8526 |      310 |   2.4297 |     3046 |   2.3904 |    30813 |   2.4198 |
| States Avenue         |       21 |   1.6640 |      266 |   2.0848 |     2752 |   2.1597 |    27607 |   2.1681 |
| Virginia Avenue       |       39 |   3.0903 |      299 |   2.3434 |     2926 |   2.2962 |    29202 |   2.2933 |
| Pennsylvania Railroad |       24 |   1.9017 |      309 |   2.4218 |     3453 |   2.7098 |    34477 |   2.7076 |
| St. James Place       |       33 |   2.6149 |      317 |   2.4845 |     3254 |   2.5536 |    32770 |   2.5735 |
| Community Chest       |       43 |   3.4073 |      364 |   2.8529 |     3546 |   2.7828 |    34683 |   2.7237 |
| Tennessee Avenue      |       31 |   2.4564 |      323 |   2.5315 |     3457 |   2.7129 |    34748 |   2.7289 |
| New York Avenue       |       37 |   2.9319 |      371 |   2.9078 |     3649 |   2.8636 |    36001 |   2.8273 |
| Free Parking          |       32 |   2.5357 |      341 |   2.6726 |     3306 |   2.5944 |    33802 |   2.6546 |
| Kentucky Avenue       |       28 |   2.2187 |      325 |   2.5472 |     3224 |   2.5301 |    33221 |   2.6089 |
| Chance                |       30 |   2.3772 |      346 |   2.7118 |     3324 |   2.6086 |    32946 |   2.5873 |
| Indiana Avenue        |       30 |   2.3772 |      330 |   2.5864 |     3173 |   2.4901 |    32462 |   2.5493 |
| Illinois Avenue       |       40 |   3.1696 |      370 |   2.8999 |     3800 |   2.9821 |    37672 |   2.9585 |
| B. & O. Railroad      |       34 |   2.6941 |      356 |   2.7902 |     3601 |   2.8260 |    35921 |   2.8210 |
| Atlantic Avenue       |       33 |   2.6149 |      321 |   2.5159 |     3245 |   2.5466 |    31829 |   2.4996 |
| Ventnor Avenue        |       34 |   2.6941 |      304 |   2.3826 |     3095 |   2.4289 |    31486 |   2.4727 |
| Water Works           |       32 |   2.5357 |      313 |   2.4532 |     3201 |   2.5120 |    32868 |   2.5812 |
| Marvin Gardens        |       31 |   2.4564 |      309 |   2.4218 |     3135 |   2.4603 |    30614 |   2.4042 |
| Go To Jail            |       28 |   2.2187 |      320 |   2.5080 |     3054 |   2.3967 |    31024 |   2.4364 |
| Pacific Avenue        |       32 |   2.5357 |      315 |   2.4688 |     3098 |   2.4312 |    31129 |   2.4446 |
| North Carolina Avenue |       33 |   2.6149 |      295 |   2.3121 |     3073 |   2.4116 |    31139 |   2.4454 |
| Community Chest       |       33 |   2.6149 |      326 |   2.5551 |     3230 |   2.5348 |    31597 |   2.4814 |
| Pennsylvania Avenue   |       29 |   2.2979 |      312 |   2.4453 |     2910 |   2.2837 |    29152 |   2.2894 |
| Short Line            |       26 |   2.0602 |      294 |   2.3043 |     2929 |   2.2986 |    28663 |   2.2510 |
| Chance                |       22 |   1.7433 |      235 |   1.8418 |     2755 |   2.1620 |    27372 |   2.1496 |
| Park Place            |       32 |   2.5357 |      251 |   1.9672 |     2507 |   1.9674 |    25847 |   2.0298 |
| Luxury Tax            |       25 |   1.9810 |      257 |   2.0143 |     2595 |   2.0365 |    25399 |   1.9947 |
| Boardwalk             |       26 |   2.0602 |      308 |   2.4140 |     3117 |   2.4461 |    31201 |   2.4503 |
+-----------------------+----------+----------+----------+----------+----------+----------+----------+----------+

Test # 10
+-----------------------+----------+----------+----------+----------+----------+----------+----------+----------+
|                       |  n = 1,000          |  n = 10,000         |  n = 100,000        |  n = 1,000,000      |
+-----------------------+----------+----------+----------+----------+----------+----------+----------+----------+
| Space                 |    Count |        % |    Count |        % |    Count |        % |    Count |        % |
+-----------------------+----------+----------+----------+----------+----------+----------+----------+----------+
| Go                    |       34 |   2.6583 |      354 |   2.7609 |     3662 |   2.8745 |    36275 |   2.8480 |
| Mediterranean Avenue  |       29 |   2.2674 |      269 |   2.0980 |     2591 |   2.0338 |    25276 |   1.9845 |
| Community Chest       |       30 |   2.3456 |      257 |   2.0044 |     2485 |   1.9506 |    25307 |   1.9869 |
| Baltic Avenue         |       25 |   1.9547 |      248 |   1.9342 |     2518 |   1.9765 |    25095 |   1.9703 |
| Income Tax            |       26 |   2.0328 |      263 |   2.0512 |     2722 |   2.1366 |    27587 |   2.1659 |
| Reading Railroad      |       30 |   2.3456 |      357 |   2.7843 |     3527 |   2.7685 |    35021 |   2.7496 |
| Oriental Avenue       |       30 |   2.3456 |      262 |   2.0434 |     2583 |   2.0275 |    26494 |   2.0801 |
| Chance                |       31 |   2.4238 |      291 |   2.2695 |     2772 |   2.1759 |    27167 |   2.1329 |
| Vermont Avenue        |       22 |   1.7201 |      270 |   2.1058 |     2786 |   2.1869 |    27400 |   2.1512 |
| Connecticut Avenue    |       26 |   2.0328 |      273 |   2.1292 |     2713 |   2.1296 |    26942 |   2.1153 |
| Jail / Just Visiting  |       72 |   5.6294 |      755 |   5.8883 |     7265 |   5.7026 |    73440 |   5.7659 |
| St. Charles Place     |       32 |   2.5020 |      306 |   2.3865 |     3090 |   2.4255 |    31758 |   2.4934 |
| Electric Company      |       41 |   3.2056 |      306 |   2.3865 |     3067 |   2.4074 |    30546 |   2.3982 |
| States Avenue         |       29 |   2.2674 |      285 |   2.2227 |     2852 |   2.2387 |    28022 |   2.2001 |
| Virginia Avenue       |       24 |   1.8765 |      279 |   2.1759 |     2966 |   2.3282 |    28981 |   2.2754 |
| Pennsylvania Railroad |       35 |   2.7365 |      374 |   2.9169 |     3394 |   2.6641 |    34267 |   2.6904 |
| St. James Place       |       30 |   2.3456 |      317 |   2.4723 |     3333 |   2.6162 |    33213 |   2.6076 |
| Community Chest       |       39 |   3.0493 |      350 |   2.7297 |     3416 |   2.6814 |    34748 |   2.7281 |
| Tennessee Avenue      |       33 |   2.5801 |      340 |   2.6517 |     3484 |   2.7348 |    34512 |   2.7096 |
| New York Avenue       |       41 |   3.2056 |      389 |   3.0338 |     3555 |   2.7905 |    36191 |   2.8414 |
| Free Parking          |       30 |   2.3456 |      332 |   2.5893 |     3408 |   2.6751 |    33812 |   2.6546 |
| Kentucky Avenue       |       27 |   2.1110 |      322 |   2.5113 |     3383 |   2.6555 |    33387 |   2.6213 |
| Chance                |       26 |   2.0328 |      341 |   2.6595 |     3284 |   2.5778 |    32997 |   2.5907 |
| Indiana Avenue        |       35 |   2.7365 |      319 |   2.4879 |     3351 |   2.6304 |    32369 |   2.5413 |
| Illinois Avenue       |       37 |   2.8929 |      409 |   3.1898 |     3725 |   2.9239 |    37516 |   2.9454 |
| B. & O. Railroad      |       52 |   4.0657 |      383 |   2.9871 |     3606 |   2.8305 |    35962 |   2.8234 |
| Atlantic Avenue       |       29 |   2.2674 |      317 |   2.4723 |     3194 |   2.5071 |    32099 |   2.5202 |
| Ventnor Avenue        |       32 |   2.5020 |      327 |   2.5503 |     3149 |   2.4718 |    31014 |   2.4350 |
| Water Works           |       35 |   2.7365 |      293 |   2.2851 |     3298 |   2.5888 |    33279 |   2.6128 |
| Marvin Gardens        |       21 |   1.6419 |      290 |   2.2617 |     2984 |   2.3423 |    30401 |   2.3868 |
| Go To Jail            |       35 |   2.7365 |      329 |   2.5659 |     3118 |   2.4475 |    31362 |   2.4623 |
| Pacific Avenue        |       37 |   2.8929 |      343 |   2.6751 |     3147 |   2.4702 |    31584 |   2.4797 |
| North Carolina Avenue |       32 |   2.5020 |      310 |   2.4177 |     3074 |   2.4129 |    30855 |   2.4225 |
| Community Chest       |       28 |   2.1892 |      292 |   2.2773 |     3207 |   2.5173 |    31751 |   2.4928 |
| Pennsylvania Avenue   |       26 |   2.0328 |      301 |   2.3475 |     2969 |   2.3305 |    29415 |   2.3094 |
| Short Line            |       20 |   1.5637 |      299 |   2.3319 |     2859 |   2.2442 |    28405 |   2.2301 |
| Chance                |       34 |   2.6583 |      276 |   2.1526 |     2710 |   2.1272 |    27113 |   2.1287 |
| Park Place            |       23 |   1.7983 |      239 |   1.8640 |     2582 |   2.0267 |    25528 |   2.0042 |
| Luxury Tax            |       30 |   2.3456 |      245 |   1.9108 |     2530 |   1.9859 |    25692 |   2.0171 |
| Boardwalk             |       31 |   2.4238 |      310 |   2.4177 |     3038 |   2.3847 |    30911 |   2.4269 |
+-----------------------+----------+----------+----------+----------+----------+----------+----------+----------+
